Result of instance 0: [[0, 64, 88, 75, 43, 16, 94, 47, 69, 51, 86, 68, 96, 82, 65, 9, 25, 63, 11, 73, 99, 5, 39, 90, 67, 6, 14, 27, 23, 30, 91, 7, 17, 55, 1, 58, 66, 46, 19, 38, 31, 18, 89, 54, 84, 93, 77, 44, 95, 78, 15, 57, 80, 49, 53, 28, 81, 33, 34, 76, 13, 85, 8, 56, 4, 35, 32, 22, 40, 20, 10, 60, 92, 41, 42, 59, 36, 2, 74, 24, 21, 72, 3, 79, 61, 37, 87, 97, 26, 50, 29, 48, 70, 62, 45, 52, 71, 12, 83, 98], 0.21, 1, 7.8060134329128585]
Result of instance 1: [[0, 9, 6, 96, 56, 28, 22, 62, 3, 90, 13, 47, 24, 33, 41, 50, 4, 51, 8, 68, 43, 54, 23, 93, 80, 27, 58, 71, 88, 21, 10, 26, 63, 15, 98, 25, 91, 2, 12, 89, 82, 19, 60, 75, 83, 37, 49, 7, 74, 66, 1, 14, 30, 36, 67, 44, 57, 18, 11, 61, 79, 42, 76, 40, 53, 64, 16, 5, 34, 45, 55, 59, 38, 77, 73, 65, 70, 99, 86, 35, 81, 85, 95, 94, 78, 52, 39, 29, 84, 31, 72, 69, 17, 48, 97, 87, 46, 32, 20, 92], 0.18, 1, 7.8393820758339565]
Result of instance 2: [[0, 36, 50, 48, 33, 2, 96, 64, 9, 98, 79, 30, 69, 40, 72, 58, 78, 6, 19, 84, 29, 57, 56, 7, 89, 17, 86, 24, 37, 1, 46, 47, 15, 77, 71, 54, 63, 4, 44, 16, 26, 76, 27, 25, 99, 52, 97, 74, 39, 65, 28, 18, 92, 32, 23, 88, 80, 22, 82, 35, 14, 83, 38, 91, 13, 62, 34, 51, 21, 42, 93, 70, 94, 90, 31, 3, 5, 61, 10, 87, 68, 75, 73, 12, 67, 55, 85, 59, 41, 11, 95, 45, 60, 20, 49, 43, 53, 81, 66, 8], 0.27, 1, 7.846017299457283]
Result of instance 3: [[0, 99, 90, 36, 79, 61, 85, 2, 13, 62, 52, 27, 86, 76, 96, 73, 7, 25, 94, 89, 81, 10, 39, 56, 43, 67, 32, 53, 88, 46, 80, 34, 23, 93, 70, 65, 42, 60, 5, 18, 41, 55, 71, 75, 95, 35, 17, 37, 19, 22, 66, 50, 49, 6, 82, 47, 26, 57, 63, 92, 20, 84, 40, 58, 33, 14, 69, 48, 72, 28, 4, 59, 98, 54, 91, 64, 31, 87, 29, 83, 77, 1, 45, 44, 21, 78, 38, 68, 16, 12, 97, 24, 8, 30, 3, 11, 9, 15, 74, 51], 0.69, 1, 8.113325458698682]
Result of instance 4: [[0, 85, 3, 2, 55, 27, 66, 34, 95, 37, 73, 84, 21, 71, 78, 89, 53, 42, 13, 56, 83, 41, 45, 93, 70, 40, 15, 54, 77, 50, 92, 1, 39, 26, 51, 6, 18, 62, 59, 11, 65, 8, 52, 16, 28, 68, 29, 57, 91, 43, 79, 4, 88, 31, 44, 5, 99, 19, 23, 61, 67, 20, 64, 10, 24, 87, 22, 35, 38, 90, 72, 63, 30, 82, 69, 46, 74, 25, 7, 86, 49, 12, 76, 33, 14, 36, 98, 47, 60, 81, 9, 48, 58, 96, 32, 97, 75, 17, 94, 80], 0.19, 1, 8.050690677823813]
Result of instance 5: [[0, 13, 62, 82, 96, 93, 91, 61, 31, 66, 28, 94, 7, 3, 17, 45, 54, 12, 48, 77, 92, 40, 37, 29, 2, 79, 11, 9, 14, 58, 86, 8, 16, 35, 69, 23, 46, 65, 39, 59, 55, 4, 1, 51, 15, 89, 64, 88, 57, 95, 43, 36, 81, 19, 24, 32, 87, 52, 21, 97, 25, 76, 67, 84, 83, 70, 41, 80, 68, 78, 74, 85, 98, 73, 47, 26, 56, 18, 38, 33, 44, 34, 30, 71, 49, 6, 90, 72, 53, 20, 22, 75, 27, 99, 5, 50, 63, 60, 42, 10], 0.1, 1, 7.926888858916211]
Result of instance 6: [[0, 14, 4, 15, 93, 49, 86, 37, 89, 77, 10, 35, 61, 3, 73, 79, 24, 92, 75, 64, 18, 42, 40, 52, 16, 69, 62, 28, 54, 80, 91, 12, 90, 38, 95, 53, 43, 20, 51, 26, 71, 21, 32, 1, 82, 48, 97, 99, 30, 36, 9, 50, 78, 59, 31, 33, 66, 65, 8, 23, 25, 84, 7, 60, 67, 76, 94, 2, 13, 72, 45, 29, 47, 39, 22, 27, 63, 19, 85, 87, 41, 58, 46, 56, 55, 11, 34, 83, 98, 5, 57, 74, 44, 17, 81, 6, 70, 88, 68, 96], 0.33, 1, 7.656282339338494]
Result of instance 7: [[0, 38, 31, 17, 54, 6, 80, 13, 97, 50, 22, 87, 56, 52, 51, 71, 41, 76, 72, 29, 49, 89, 66, 35, 58, 96, 92, 65, 43, 11, 95, 79, 28, 94, 27, 91, 24, 55, 9, 88, 36, 10, 39, 34, 5, 70, 42, 90, 4, 77, 98, 75, 84, 62, 99, 44, 26, 53, 64, 23, 73, 21, 48, 18, 69, 45, 82, 93, 63, 40, 78, 60, 2, 61, 32, 8, 47, 83, 1, 20, 3, 67, 37, 68, 57, 25, 46, 81, 74, 15, 86, 12, 85, 7, 19, 30, 33, 14, 59, 16], 0.53, 1, 7.739869603947982]
Result of instance 8: [[0, 36, 47, 67, 96, 86, 62, 78, 74, 49, 59, 7, 91, 19, 84, 18, 93, 46, 3, 87, 77, 9, 66, 64, 8, 5, 80, 40, 23, 10, 25, 90, 2, 56, 17, 28, 14, 52, 27, 81, 92, 88, 42, 70, 97, 37, 95, 58, 79, 39, 89, 48, 73, 75, 22, 54, 98, 16, 33, 6, 69, 68, 60, 21, 13, 1, 50, 26, 29, 15, 11, 71, 20, 94, 55, 85, 72, 24, 53, 57, 76, 12, 32, 41, 43, 65, 44, 83, 45, 38, 61, 34, 30, 99, 35, 4, 82, 63, 31, 51], 0.25, 1, 7.843503519449215]
Result of instance 9: [[0, 89, 33, 19, 64, 47, 70, 22, 98, 95, 32, 87, 65, 13, 8, 4, 73, 77, 38, 41, 57, 99, 84, 56, 91, 3, 63, 11, 21, 49, 96, 97, 71, 82, 31, 50, 2, 48, 20, 60, 75, 58, 66, 25, 43, 74, 40, 81, 26, 27, 15, 12, 7, 18, 90, 30, 36, 54, 62, 34, 6, 76, 17, 67, 69, 72, 39, 28, 37, 1, 29, 51, 52, 5, 35, 44, 9, 68, 14, 92, 93, 10, 61, 59, 80, 79, 24, 53, 45, 94, 23, 85, 78, 55, 16, 86, 88, 46, 42, 83], 0.11, 1, 7.862898922978929]
Result of instance 10: [[0, 11, 57, 62, 8, 47, 74, 10, 79, 99, 27, 66, 42, 83, 70, 78, 54, 63, 49, 43, 56, 48, 50, 77, 26, 91, 19, 36, 59, 95, 7, 28, 25, 6, 13, 23, 40, 41, 58, 35, 20, 15, 24, 61, 96, 98, 67, 3, 55, 69, 46, 80, 2, 75, 16, 33, 5, 65, 85, 12, 87, 51, 39, 89, 53, 37, 72, 73, 32, 9, 4, 90, 17, 71, 88, 60, 81, 29, 92, 45, 86, 44, 52, 82, 76, 97, 64, 31, 22, 68, 93, 94, 30, 18, 84, 1, 14, 34, 21, 38], 0.21, 1, 7.789986772394705]
Result of instance 11: [[0, 35, 20, 99, 90, 97, 93, 64, 39, 85, 54, 4, 78, 56, 25, 98, 11, 17, 47, 41, 87, 19, 76, 95, 96, 13, 70, 69, 74, 55, 92, 88, 18, 5, 28, 71, 16, 23, 77, 26, 30, 84, 32, 81, 37, 38, 14, 53, 40, 83, 8, 72, 68, 67, 42, 31, 63, 2, 50, 82, 79, 3, 75, 48, 59, 34, 52, 65, 22, 45, 91, 21, 10, 36, 6, 44, 94, 24, 33, 12, 9, 61, 51, 1, 89, 58, 43, 73, 7, 46, 86, 62, 66, 49, 57, 27, 15, 29, 80, 60], 0.11, 1, 7.526120392965274]
Result of instance 12: [[0, 80, 94, 17, 63, 72, 75, 41, 99, 73, 39, 88, 40, 13, 19, 62, 57, 37, 49, 87, 70, 16, 48, 95, 76, 54, 3, 31, 22, 12, 4, 67, 32, 14, 56, 46, 24, 83, 69, 29, 58, 86, 66, 10, 82, 15, 53, 96, 18, 42, 60, 51, 71, 81, 34, 61, 91, 8, 38, 93, 36, 52, 98, 79, 43, 28, 84, 2, 27, 77, 20, 92, 9, 30, 65, 55, 33, 45, 35, 11, 50, 5, 97, 89, 23, 90, 25, 47, 44, 26, 6, 78, 1, 7, 74, 68, 64, 21, 85, 59], 0.48, 1, 7.763659336532274]
Result of instance 13: [[0, 48, 55, 30, 16, 74, 39, 27, 23, 51, 36, 95, 90, 60, 11, 45, 8, 86, 10, 62, 31, 98, 3, 94, 15, 35, 7, 37, 58, 79, 4, 40, 38, 44, 85, 61, 69, 89, 75, 1, 12, 54, 87, 72, 22, 77, 92, 70, 20, 64, 26, 63, 50, 34, 66, 33, 80, 21, 24, 41, 83, 56, 5, 73, 6, 59, 68, 91, 2, 76, 84, 93, 25, 47, 96, 42, 28, 43, 78, 18, 82, 49, 71, 29, 52, 17, 67, 99, 32, 97, 53, 19, 88, 65, 13, 14, 81, 57, 46, 9], 0.28, 1, 7.665359048886793]
Result of instance 14: [[0, 19, 38, 71, 62, 1, 80, 76, 7, 9, 44, 93, 39, 95, 90, 20, 78, 2, 75, 68, 67, 72, 85, 12, 40, 27, 83, 32, 66, 42, 22, 29, 21, 91, 30, 99, 53, 51, 49, 96, 48, 31, 65, 10, 54, 55, 52, 36, 25, 64, 26, 8, 13, 24, 61, 14, 56, 92, 16, 35, 63, 3, 59, 89, 98, 82, 37, 77, 46, 84, 50, 18, 97, 69, 79, 28, 94, 81, 47, 87, 70, 6, 5, 41, 86, 23, 43, 33, 45, 11, 74, 4, 34, 58, 15, 57, 17, 88, 60, 73], 0.61, 1, 7.656622648277062]
Result of instance 15: [[0, 11, 67, 90, 84, 32, 28, 98, 68, 49, 5, 53, 44, 62, 10, 51, 23, 58, 14, 65, 48, 83, 18, 80, 96, 85, 89, 27, 13, 46, 42, 15, 71, 57, 25, 47, 97, 7, 17, 8, 43, 33, 40, 91, 86, 36, 75, 64, 94, 9, 95, 63, 59, 88, 20, 22, 66, 61, 2, 3, 76, 99, 52, 72, 56, 79, 50, 81, 93, 29, 78, 77, 19, 12, 55, 31, 38, 6, 70, 82, 73, 26, 1, 92, 87, 24, 60, 4, 30, 37, 34, 21, 39, 16, 69, 41, 54, 45, 35, 74], 0.18, 1, 7.491823317216403]
Result of instance 16: [[0, 58, 50, 14, 94, 29, 30, 36, 60, 75, 5, 84, 51, 80, 95, 20, 34, 23, 47, 64, 2, 10, 19, 35, 70, 52, 1, 16, 74, 68, 77, 86, 15, 69, 32, 38, 22, 76, 59, 12, 24, 65, 31, 44, 42, 57, 8, 17, 13, 93, 37, 7, 39, 81, 72, 6, 96, 33, 11, 63, 91, 90, 25, 26, 79, 43, 78, 89, 40, 67, 9, 66, 83, 61, 87, 62, 27, 46, 71, 92, 85, 82, 56, 49, 73, 21, 98, 48, 53, 3, 88, 28, 97, 55, 4, 99, 54, 41, 18, 45], 0.12, 1, 7.986962258151893]
Result of instance 17: [[0, 44, 76, 87, 43, 38, 16, 84, 42, 49, 6, 56, 8, 62, 24, 69, 81, 11, 52, 1, 91, 54, 94, 59, 25, 21, 40, 28, 48, 37, 64, 99, 2, 10, 96, 47, 68, 67, 86, 82, 22, 90, 60, 98, 57, 63, 72, 5, 15, 31, 41, 13, 50, 9, 95, 18, 80, 93, 36, 46, 97, 45, 12, 30, 20, 53, 92, 61, 78, 51, 33, 27, 17, 29, 71, 34, 77, 32, 35, 73, 39, 65, 58, 26, 14, 55, 23, 88, 66, 74, 70, 75, 89, 4, 83, 3, 19, 85, 79, 7], 0.2, 1, 8.198281515113923]
Result of instance 18: [[0, 90, 56, 91, 61, 83, 43, 41, 46, 13, 87, 47, 9, 24, 93, 92, 96, 38, 32, 28, 2, 26, 54, 70, 42, 15, 55, 79, 65, 57, 30, 14, 23, 45, 4, 58, 27, 99, 82, 1, 19, 95, 67, 75, 18, 35, 89, 77, 44, 20, 69, 3, 81, 48, 97, 31, 53, 78, 11, 10, 74, 49, 64, 22, 62, 80, 76, 68, 8, 17, 86, 25, 59, 21, 16, 72, 98, 63, 29, 52, 73, 7, 88, 51, 5, 36, 6, 37, 94, 33, 50, 85, 71, 34, 39, 84, 40, 60, 66, 12], 0.64, 5, 7.873479433979829]
Result of instance 19: [[0, 8, 46, 19, 66, 47, 83, 48, 37, 25, 89, 38, 41, 4, 58, 34, 63, 14, 32, 54, 23, 74, 84, 91, 57, 49, 44, 81, 16, 42, 24, 79, 5, 15, 52, 80, 28, 33, 61, 55, 98, 70, 59, 87, 99, 75, 31, 71, 50, 85, 45, 64, 69, 21, 2, 88, 6, 92, 22, 93, 95, 60, 86, 30, 9, 40, 13, 26, 68, 29, 18, 96, 62, 67, 53, 7, 56, 17, 27, 12, 76, 78, 39, 72, 1, 97, 65, 90, 3, 43, 35, 36, 20, 10, 73, 11, 51, 94, 82, 77], 0.13, 1, 7.779821416914246]
Result of instance 20: [[0, 36, 31, 16, 46, 28, 82, 92, 69, 41, 86, 75, 1, 44, 73, 61, 22, 3, 29, 94, 33, 17, 35, 98, 43, 13, 67, 49, 97, 24, 70, 60, 18, 80, 78, 66, 63, 8, 7, 34, 62, 99, 32, 58, 55, 71, 39, 77, 54, 90, 10, 83, 42, 64, 79, 2, 15, 45, 14, 37, 56, 76, 40, 6, 19, 57, 91, 88, 5, 30, 27, 96, 85, 12, 51, 52, 65, 20, 74, 47, 50, 84, 21, 23, 95, 87, 93, 68, 38, 81, 11, 89, 9, 72, 53, 48, 4, 26, 59, 25], 0.12, 1, 8.069426393820542]
Result of instance 21: [[0, 25, 96, 38, 2, 36, 88, 66, 93, 46, 49, 4, 9, 16, 92, 61, 10, 55, 21, 20, 91, 12, 70, 8, 26, 45, 41, 78, 81, 11, 50, 67, 43, 60, 51, 54, 65, 63, 76, 19, 13, 62, 3, 83, 58, 31, 72, 24, 57, 22, 17, 68, 7, 6, 74, 64, 85, 28, 97, 84, 75, 99, 71, 30, 40, 95, 90, 87, 1, 14, 18, 34, 35, 32, 42, 80, 37, 82, 48, 44, 94, 5, 23, 79, 77, 56, 27, 69, 53, 15, 47, 59, 73, 52, 39, 86, 89, 98, 29, 33], 0.12, 1, 7.558490295794153]
Result of instance 22: [[0, 34, 21, 90, 8, 40, 61, 36, 17, 72, 37, 29, 83, 12, 30, 54, 89, 41, 85, 19, 88, 62, 78, 51, 94, 77, 11, 5, 15, 76, 59, 2, 87, 65, 56, 20, 49, 81, 38, 92, 47, 74, 60, 3, 9, 86, 80, 95, 82, 79, 57, 98, 39, 18, 73, 25, 52, 96, 70, 10, 35, 1, 4, 50, 24, 44, 55, 99, 27, 68, 66, 64, 67, 97, 63, 22, 16, 42, 31, 7, 84, 33, 32, 53, 46, 91, 23, 43, 45, 6, 69, 93, 28, 13, 14, 71, 58, 75, 48, 26], 0.33, 1, 7.988925250335596]
Result of instance 23: [[0, 45, 85, 46, 78, 70, 24, 51, 10, 81, 47, 57, 68, 3, 60, 52, 91, 64, 74, 5, 37, 63, 7, 96, 33, 42, 79, 16, 62, 54, 90, 66, 97, 94, 27, 22, 69, 67, 21, 20, 86, 2, 29, 58, 13, 9, 59, 71, 32, 11, 8, 55, 26, 65, 61, 43, 19, 40, 75, 88, 77, 95, 89, 93, 4, 41, 14, 80, 31, 39, 30, 56, 48, 34, 99, 17, 76, 25, 84, 12, 92, 98, 28, 35, 82, 23, 44, 36, 49, 83, 1, 38, 18, 87, 6, 72, 15, 50, 53, 73], 0.21, 1, 7.882866161040483]
Result of instance 24: [[0, 7, 68, 17, 84, 51, 56, 89, 22, 67, 98, 48, 79, 28, 95, 16, 4, 33, 10, 40, 54, 86, 88, 13, 53, 27, 11, 5, 45, 39, 21, 64, 78, 2, 6, 3, 29, 36, 30, 94, 91, 20, 14, 38, 75, 26, 57, 32, 77, 85, 23, 93, 43, 71, 62, 55, 31, 52, 81, 50, 69, 65, 63, 42, 72, 61, 9, 76, 1, 83, 37, 34, 15, 12, 59, 96, 92, 82, 87, 70, 47, 8, 74, 60, 97, 90, 66, 19, 58, 18, 25, 41, 99, 73, 24, 35, 49, 46, 80, 44], 0.21, 1, 8.272972816480387]
Result of instance 25: [[0, 33, 34, 42, 81, 74, 40, 72, 94, 51, 41, 46, 43, 95, 45, 16, 55, 63, 1, 57, 71, 76, 93, 88, 77, 2, 50, 79, 8, 15, 39, 89, 75, 10, 18, 29, 70, 20, 48, 60, 87, 65, 67, 13, 14, 47, 54, 85, 28, 36, 11, 92, 31, 6, 84, 7, 97, 53, 24, 56, 66, 49, 90, 91, 82, 23, 22, 68, 9, 83, 58, 27, 98, 80, 17, 78, 96, 12, 21, 73, 3, 62, 25, 32, 37, 61, 5, 38, 99, 44, 59, 35, 4, 26, 64, 69, 86, 52, 30, 19], 0.12, 1, 7.405651168181114]
Result of instance 26: [[0, 83, 59, 30, 99, 82, 19, 85, 76, 89, 18, 7, 46, 95, 69, 33, 15, 10, 5, 16, 13, 1, 12, 81, 80, 37, 24, 2, 91, 44, 27, 74, 51, 41, 35, 45, 36, 78, 56, 97, 14, 66, 60, 42, 25, 88, 53, 43, 73, 6, 55, 98, 64, 50, 71, 8, 58, 84, 57, 75, 63, 54, 39, 38, 4, 92, 28, 93, 11, 90, 94, 9, 65, 22, 48, 40, 68, 23, 49, 61, 20, 86, 96, 17, 3, 34, 79, 67, 32, 21, 47, 87, 52, 72, 31, 29, 26, 70, 77, 62], 0.34, 1, 7.493759029967246]
Result of instance 27: [[0, 15, 99, 23, 74, 77, 85, 80, 72, 35, 94, 24, 31, 8, 90, 5, 41, 89, 56, 22, 61, 28, 64, 50, 98, 48, 86, 52, 11, 47, 32, 65, 75, 63, 1, 20, 83, 21, 34, 67, 70, 95, 9, 71, 79, 40, 36, 66, 62, 17, 7, 2, 38, 54, 84, 27, 6, 18, 26, 51, 68, 92, 60, 96, 55, 58, 76, 53, 49, 3, 81, 82, 12, 73, 14, 29, 10, 13, 88, 16, 37, 30, 33, 69, 87, 57, 46, 4, 42, 45, 39, 91, 25, 19, 78, 44, 43, 97, 59, 93], 0.2, 1, 7.731850293056945]
Result of instance 28: [[0, 5, 62, 86, 23, 82, 74, 93, 14, 34, 15, 95, 51, 57, 30, 71, 89, 48, 38, 8, 60, 65, 70, 27, 78, 40, 19, 45, 25, 22, 44, 88, 3, 11, 59, 10, 50, 43, 85, 92, 33, 72, 64, 98, 26, 36, 87, 46, 31, 67, 29, 94, 97, 69, 90, 54, 37, 58, 42, 4, 7, 32, 61, 83, 81, 66, 91, 41, 84, 17, 56, 76, 12, 75, 28, 96, 68, 77, 21, 80, 20, 18, 24, 55, 1, 99, 9, 73, 52, 47, 63, 16, 2, 13, 6, 53, 79, 35, 39, 49], 0.12, 1, 7.935631783195428]
Result of instance 29: [[0, 22, 12, 59, 74, 66, 35, 72, 67, 87, 97, 54, 63, 18, 45, 84, 10, 60, 49, 62, 29, 20, 69, 46, 23, 50, 75, 85, 96, 43, 47, 36, 17, 42, 7, 39, 55, 64, 24, 5, 90, 94, 19, 79, 65, 11, 48, 95, 73, 38, 3, 83, 56, 61, 41, 15, 26, 8, 28, 4, 52, 21, 77, 71, 82, 93, 40, 99, 27, 14, 86, 53, 32, 89, 88, 58, 13, 2, 25, 92, 91, 33, 81, 6, 80, 37, 68, 76, 78, 57, 16, 70, 44, 30, 31, 9, 51, 34, 1, 98], 0.17, 1, 7.238718748830812]
Result of instance 30: [[0, 77, 82, 33, 7, 84, 69, 10, 30, 8, 71, 47, 81, 79, 40, 74, 58, 51, 44, 60, 46, 97, 50, 59, 55, 11, 4, 31, 67, 87, 76, 83, 92, 80, 29, 49, 73, 27, 45, 2, 3, 20, 32, 54, 23, 90, 39, 75, 65, 99, 64, 38, 25, 91, 37, 1, 16, 63, 70, 68, 15, 42, 78, 53, 66, 72, 96, 17, 56, 35, 28, 9, 36, 61, 89, 57, 48, 41, 24, 43, 95, 52, 94, 21, 88, 86, 12, 85, 93, 18, 5, 34, 26, 22, 98, 19, 14, 62, 6, 13], 0.24, 1, 7.461421819155519]
Result of instance 31: [[0, 57, 46, 60, 85, 11, 32, 54, 56, 2, 6, 49, 33, 61, 23, 17, 24, 5, 97, 16, 52, 72, 53, 51, 18, 45, 8, 44, 65, 88, 78, 31, 3, 39, 21, 48, 90, 38, 42, 79, 58, 4, 47, 83, 19, 81, 76, 70, 40, 77, 69, 99, 27, 87, 68, 25, 89, 55, 14, 74, 7, 73, 67, 43, 91, 71, 1, 9, 36, 63, 12, 37, 86, 30, 66, 28, 84, 41, 15, 98, 13, 29, 96, 20, 93, 22, 82, 92, 95, 50, 34, 59, 64, 75, 26, 35, 94, 10, 62, 80], 0.16, 1, 7.6393089900403]
Result of instance 32: [[0, 7, 14, 12, 70, 58, 83, 15, 80, 63, 65, 3, 73, 88, 32, 43, 38, 36, 91, 72, 82, 74, 28, 98, 13, 95, 8, 5, 77, 99, 23, 97, 78, 71, 66, 55, 54, 44, 2, 76, 20, 31, 68, 92, 10, 61, 59, 52, 21, 85, 24, 96, 47, 27, 1, 25, 56, 49, 84, 81, 89, 6, 62, 19, 60, 34, 90, 30, 94, 57, 33, 11, 69, 22, 51, 42, 9, 40, 35, 45, 87, 29, 41, 53, 16, 4, 50, 67, 26, 48, 79, 39, 46, 64, 86, 18, 75, 93, 17, 37], 0.82, 1, 7.9558550204053144]
Result of instance 33: [[0, 70, 53, 74, 99, 38, 12, 50, 15, 35, 87, 2, 20, 34, 37, 97, 51, 77, 83, 96, 44, 68, 65, 84, 61, 49, 80, 42, 94, 48, 5, 19, 3, 24, 86, 43, 93, 88, 14, 71, 76, 63, 56, 95, 16, 81, 46, 25, 67, 78, 75, 69, 45, 62, 6, 1, 17, 59, 60, 10, 72, 82, 41, 47, 21, 40, 11, 90, 9, 28, 73, 57, 39, 55, 26, 23, 29, 52, 30, 27, 64, 36, 18, 13, 91, 31, 66, 22, 54, 4, 32, 92, 8, 58, 79, 89, 33, 7, 85, 98], 0.13, 1, 7.798200011585575]
Result of instance 34: [[0, 67, 69, 54, 40, 48, 76, 93, 65, 63, 43, 90, 95, 19, 52, 14, 36, 89, 98, 81, 32, 78, 5, 35, 25, 1, 60, 59, 34, 75, 74, 61, 72, 6, 96, 24, 94, 20, 10, 64, 70, 56, 30, 99, 97, 41, 9, 71, 18, 79, 62, 46, 16, 66, 58, 23, 50, 27, 39, 15, 88, 7, 68, 33, 55, 80, 84, 85, 53, 57, 28, 82, 44, 51, 77, 4, 26, 92, 91, 83, 47, 3, 73, 87, 45, 31, 21, 17, 12, 42, 86, 29, 8, 49, 22, 38, 11, 2, 37, 13], 0.21, 1, 7.667532811709508]
Result of instance 35: [[0, 92, 57, 83, 64, 30, 73, 36, 34, 74, 40, 72, 22, 89, 80, 19, 62, 95, 10, 63, 75, 93, 48, 17, 66, 97, 61, 24, 68, 3, 27, 15, 90, 56, 47, 81, 4, 32, 70, 96, 67, 41, 16, 8, 45, 58, 37, 51, 77, 55, 44, 84, 98, 85, 13, 76, 46, 99, 5, 25, 6, 49, 2, 79, 31, 69, 1, 26, 9, 12, 65, 39, 23, 71, 50, 94, 82, 20, 43, 38, 11, 28, 87, 33, 7, 91, 88, 21, 54, 78, 59, 86, 53, 29, 42, 18, 14, 35, 60, 52], 0.09, 1, 8.113932905397702]
Result of instance 36: [[0, 87, 15, 70, 60, 53, 74, 50, 51, 1, 48, 47, 27, 77, 24, 58, 22, 13, 65, 84, 83, 91, 4, 81, 26, 71, 7, 30, 2, 36, 80, 42, 92, 89, 94, 64, 73, 98, 69, 28, 68, 20, 5, 44, 8, 43, 40, 34, 49, 85, 93, 72, 55, 86, 35, 16, 41, 9, 76, 10, 54, 11, 90, 78, 79, 3, 63, 29, 52, 17, 12, 62, 97, 57, 99, 45, 82, 75, 61, 14, 33, 95, 23, 6, 56, 39, 59, 88, 37, 25, 19, 46, 38, 66, 21, 32, 18, 67, 31, 96], 0.11, 1, 8.041179266885937]
Result of instance 37: [[0, 79, 30, 11, 32, 41, 10, 99, 83, 3, 98, 42, 23, 2, 91, 97, 76, 33, 34, 15, 51, 7, 5, 45, 93, 17, 66, 19, 68, 25, 70, 72, 87, 46, 39, 74, 64, 90, 8, 63, 56, 24, 77, 94, 31, 9, 52, 55, 59, 43, 60, 61, 38, 57, 67, 54, 44, 20, 53, 58, 14, 73, 75, 12, 80, 21, 82, 96, 78, 6, 26, 81, 69, 40, 86, 65, 48, 1, 36, 27, 18, 4, 92, 62, 16, 35, 84, 85, 49, 37, 89, 47, 71, 88, 29, 95, 22, 28, 50, 13], 0.1, 1, 7.983955797790106]
Result of instance 38: [[0, 15, 14, 28, 25, 67, 97, 34, 40, 86, 13, 44, 38, 93, 7, 3, 43, 12, 91, 20, 30, 32, 95, 69, 2, 70, 48, 94, 99, 54, 59, 53, 98, 73, 80, 46, 83, 10, 31, 63, 22, 11, 50, 66, 24, 55, 64, 42, 77, 61, 92, 29, 87, 84, 62, 56, 85, 27, 76, 19, 82, 74, 47, 78, 26, 89, 58, 16, 45, 81, 9, 88, 51, 52, 90, 37, 17, 8, 33, 71, 60, 65, 96, 5, 23, 75, 79, 57, 4, 36, 21, 68, 39, 72, 6, 1, 18, 35, 41, 49], 0.15, 1, 7.964974849218751]
Result of instance 39: [[0, 95, 26, 80, 41, 44, 52, 25, 98, 63, 99, 34, 19, 54, 38, 58, 35, 94, 59, 49, 68, 24, 8, 11, 47, 53, 76, 48, 32, 96, 39, 92, 69, 36, 73, 66, 33, 62, 72, 18, 30, 3, 2, 97, 60, 64, 93, 88, 78, 10, 85, 89, 6, 14, 77, 86, 90, 81, 27, 31, 9, 1, 45, 87, 23, 83, 56, 75, 29, 43, 61, 67, 51, 71, 79, 15, 57, 82, 17, 22, 5, 13, 65, 20, 70, 16, 91, 7, 4, 55, 50, 74, 40, 12, 46, 28, 21, 42, 37, 84], 1.67, 1, 7.860902696146158]
Result of instance 40: [[0, 7, 32, 59, 46, 35, 72, 56, 87, 97, 92, 39, 23, 54, 62, 79, 90, 4, 85, 3, 91, 25, 22, 84, 15, 55, 18, 2, 88, 80, 28, 63, 43, 20, 36, 82, 16, 19, 11, 26, 52, 60, 30, 40, 38, 81, 76, 37, 83, 69, 86, 99, 74, 5, 45, 12, 65, 17, 75, 64, 61, 93, 57, 31, 95, 66, 14, 47, 41, 21, 94, 29, 70, 48, 8, 78, 51, 68, 9, 27, 10, 96, 13, 1, 24, 67, 71, 6, 50, 89, 53, 33, 77, 98, 34, 44, 73, 42, 49, 58], 0.09, 1, 7.731290399774253]
Result of instance 41: [[0, 86, 5, 12, 84, 85, 22, 96, 28, 43, 52, 78, 79, 25, 77, 2, 23, 39, 64, 31, 76, 82, 87, 95, 60, 19, 24, 67, 51, 48, 69, 3, 37, 1, 21, 89, 15, 54, 41, 63, 99, 61, 4, 65, 56, 45, 83, 94, 30, 58, 34, 73, 88, 92, 13, 91, 81, 32, 97, 10, 44, 14, 72, 36, 62, 46, 57, 8, 55, 33, 27, 80, 20, 11, 9, 93, 6, 66, 17, 26, 40, 49, 50, 53, 35, 16, 47, 68, 70, 90, 7, 59, 42, 75, 71, 29, 98, 38, 18, 74], 0.12, 1, 7.565383772710002]
Result of instance 42: [[0, 85, 71, 13, 10, 53, 61, 68, 88, 25, 12, 29, 95, 52, 66, 72, 2, 40, 54, 6, 76, 11, 65, 59, 44, 80, 18, 27, 82, 42, 67, 3, 63, 28, 75, 56, 96, 55, 5, 49, 36, 17, 58, 93, 35, 99, 50, 24, 83, 64, 37, 34, 20, 7, 97, 4, 90, 23, 14, 84, 89, 43, 60, 38, 87, 98, 33, 32, 79, 15, 26, 51, 62, 30, 21, 8, 70, 74, 81, 39, 86, 94, 16, 22, 45, 46, 92, 19, 31, 57, 69, 91, 1, 73, 9, 41, 47, 77, 78, 48], 0.18, 1, 7.984145395691945]
Result of instance 43: [[0, 77, 19, 36, 50, 26, 21, 11, 48, 96, 54, 63, 99, 85, 51, 10, 18, 58, 5, 82, 44, 47, 67, 84, 79, 52, 27, 98, 23, 95, 68, 34, 6, 72, 28, 87, 80, 9, 43, 83, 4, 61, 7, 90, 38, 59, 12, 37, 88, 42, 31, 92, 71, 97, 20, 2, 62, 75, 24, 33, 22, 17, 55, 25, 13, 16, 76, 1, 78, 46, 93, 53, 49, 35, 73, 3, 56, 66, 15, 69, 64, 86, 74, 14, 91, 40, 60, 39, 65, 81, 94, 41, 30, 45, 70, 8, 89, 57, 32, 29], 0.19, 1, 7.870246914732241]
Result of instance 44: [[0, 93, 24, 2, 66, 35, 23, 30, 6, 49, 5, 28, 36, 57, 14, 79, 60, 78, 67, 98, 81, 22, 87, 95, 20, 3, 84, 91, 37, 42, 82, 71, 55, 59, 96, 9, 68, 90, 1, 10, 7, 44, 56, 48, 40, 32, 19, 27, 70, 51, 53, 4, 63, 46, 85, 45, 29, 86, 58, 80, 92, 33, 12, 64, 52, 25, 54, 21, 50, 97, 26, 15, 17, 74, 62, 16, 41, 69, 76, 83, 72, 39, 77, 65, 38, 47, 89, 34, 8, 94, 13, 75, 61, 99, 73, 43, 18, 88, 31, 11], 0.12, 1, 8.088467661779054]
Result of instance 45: [[0, 11, 72, 27, 70, 38, 13, 69, 36, 39, 76, 41, 85, 19, 75, 45, 65, 22, 7, 81, 68, 55, 52, 61, 14, 3, 18, 9, 74, 24, 28, 98, 32, 83, 20, 30, 59, 79, 94, 57, 47, 26, 80, 66, 53, 86, 49, 16, 87, 96, 44, 77, 35, 60, 33, 6, 67, 73, 23, 92, 58, 63, 90, 54, 91, 4, 34, 8, 1, 97, 15, 99, 93, 5, 62, 50, 42, 37, 31, 89, 43, 25, 82, 17, 71, 84, 48, 46, 10, 2, 29, 56, 21, 88, 64, 40, 12, 78, 95, 51], 1.76, 1, 7.927442203371313]
Result of instance 46: [[0, 95, 23, 22, 86, 25, 33, 53, 67, 89, 55, 81, 42, 9, 96, 34, 26, 38, 40, 35, 6, 47, 60, 93, 15, 66, 51, 3, 13, 43, 46, 91, 68, 72, 80, 18, 29, 75, 63, 79, 64, 24, 58, 99, 54, 74, 27, 83, 87, 41, 65, 71, 78, 7, 44, 50, 19, 70, 98, 88, 39, 61, 76, 85, 94, 2, 37, 82, 1, 28, 11, 69, 84, 62, 48, 5, 31, 20, 8, 32, 49, 14, 59, 12, 30, 21, 97, 92, 36, 90, 45, 52, 73, 4, 56, 16, 17, 10, 57, 77], 0.14, 1, 7.831262911737638]
Result of instance 47: [[0, 87, 24, 25, 97, 9, 80, 46, 52, 18, 8, 98, 83, 62, 28, 69, 68, 29, 60, 10, 95, 6, 34, 26, 47, 79, 51, 76, 57, 50, 49, 71, 61, 90, 63, 93, 82, 39, 31, 43, 40, 53, 1, 86, 27, 13, 35, 38, 23, 12, 30, 2, 65, 73, 54, 42, 99, 22, 11, 56, 91, 33, 59, 67, 77, 48, 72, 75, 41, 16, 37, 45, 17, 84, 66, 92, 78, 5, 15, 88, 70, 36, 85, 44, 58, 20, 55, 81, 64, 14, 89, 4, 7, 96, 3, 94, 74, 19, 32, 21], 0.2, 1, 7.880499498783667]
Result of instance 48: [[0, 32, 79, 80, 73, 86, 55, 94, 63, 20, 51, 61, 41, 95, 15, 82, 49, 28, 2, 17, 26, 7, 56, 21, 85, 88, 71, 43, 97, 3, 14, 38, 48, 27, 42, 30, 8, 72, 45, 67, 50, 57, 62, 54, 40, 31, 1, 10, 29, 13, 33, 96, 36, 12, 34, 4, 35, 77, 47, 92, 46, 74, 69, 84, 11, 87, 83, 19, 98, 6, 58, 66, 18, 89, 75, 99, 60, 59, 23, 70, 53, 44, 91, 78, 68, 5, 16, 93, 65, 37, 64, 81, 52, 39, 24, 76, 9, 90, 22, 25], 0.25, 1, 7.7713866497585045]
Result of instance 49: [[0, 66, 4, 10, 59, 5, 84, 18, 92, 45, 93, 42, 82, 97, 98, 21, 51, 3, 48, 54, 55, 30, 37, 76, 8, 2, 44, 53, 88, 71, 83, 22, 61, 1, 99, 64, 90, 62, 12, 77, 87, 57, 25, 26, 36, 13, 67, 78, 28, 65, 40, 34, 11, 41, 17, 73, 79, 91, 19, 16, 27, 31, 94, 20, 68, 50, 52, 9, 38, 58, 63, 23, 6, 43, 74, 69, 14, 72, 39, 7, 80, 24, 70, 49, 46, 95, 33, 15, 56, 35, 75, 81, 96, 29, 86, 60, 32, 85, 89, 47], 0.14, 1, 7.90501413482274]
Result of instance 50: [[0, 30, 3, 57, 55, 32, 87, 26, 61, 31, 58, 86, 53, 37, 89, 67, 34, 68, 91, 70, 60, 56, 92, 14, 19, 11, 54, 69, 25, 38, 71, 4, 64, 72, 81, 77, 73, 13, 83, 96, 16, 36, 47, 88, 50, 2, 82, 62, 42, 97, 18, 85, 65, 49, 94, 5, 45, 39, 28, 93, 95, 98, 51, 6, 41, 75, 10, 84, 78, 1, 80, 22, 66, 59, 48, 90, 12, 76, 79, 23, 8, 63, 9, 27, 21, 40, 29, 33, 20, 7, 99, 74, 15, 43, 46, 52, 44, 35, 24, 17], 0.14, 1, 7.528189422495266]
Result of instance 51: [[0, 53, 59, 46, 84, 45, 99, 51, 34, 69, 39, 21, 6, 83, 54, 9, 80, 92, 58, 74, 61, 43, 72, 57, 30, 36, 2, 25, 22, 62, 38, 56, 3, 17, 24, 48, 29, 89, 55, 28, 26, 96, 90, 77, 14, 63, 11, 18, 8, 86, 7, 41, 91, 87, 12, 37, 78, 97, 47, 33, 4, 50, 68, 52, 10, 93, 66, 27, 42, 20, 44, 76, 88, 40, 94, 23, 32, 73, 98, 81, 35, 49, 65, 15, 13, 67, 71, 95, 1, 5, 75, 70, 19, 79, 31, 64, 82, 60, 16, 85], 0.23, 1, 7.759081456873898]
Result of instance 52: [[0, 53, 94, 65, 88, 25, 23, 69, 39, 29, 45, 26, 55, 50, 36, 12, 17, 13, 87, 52, 78, 62, 97, 98, 30, 37, 51, 43, 58, 85, 44, 6, 40, 11, 68, 42, 15, 99, 95, 82, 34, 2, 22, 71, 9, 79, 86, 5, 66, 76, 19, 27, 3, 38, 81, 70, 28, 73, 20, 31, 61, 8, 59, 35, 96, 14, 48, 49, 56, 1, 60, 90, 67, 7, 33, 54, 72, 83, 92, 93, 47, 91, 21, 74, 4, 41, 80, 89, 18, 16, 84, 64, 10, 24, 63, 57, 75, 77, 32, 46], 0.46, 1, 7.58190199633963]
Result of instance 53: [[0, 87, 21, 79, 98, 97, 40, 24, 92, 78, 47, 50, 81, 29, 37, 54, 60, 85, 51, 83, 49, 72, 13, 77, 39, 84, 35, 95, 73, 75, 2, 38, 44, 58, 8, 62, 93, 34, 6, 3, 76, 71, 27, 46, 25, 64, 70, 91, 28, 19, 94, 9, 17, 96, 36, 7, 63, 11, 30, 89, 20, 1, 14, 82, 32, 26, 57, 68, 33, 86, 69, 48, 22, 16, 65, 5, 10, 59, 61, 90, 53, 15, 43, 56, 80, 88, 52, 18, 23, 12, 45, 42, 99, 67, 66, 74, 41, 4, 31, 55], 0.13, 1, 7.426620977898145]
Result of instance 54: [[0, 1, 21, 2, 65, 60, 12, 51, 53, 47, 33, 40, 81, 96, 19, 23, 93, 88, 98, 32, 82, 62, 25, 83, 79, 56, 36, 11, 97, 69, 72, 63, 20, 16, 44, 15, 55, 4, 85, 64, 77, 75, 91, 92, 48, 30, 87, 59, 95, 73, 70, 22, 52, 43, 66, 17, 78, 31, 29, 61, 9, 86, 8, 10, 34, 14, 39, 76, 94, 7, 13, 35, 28, 99, 68, 90, 5, 57, 41, 80, 74, 71, 50, 3, 46, 49, 26, 42, 67, 6, 38, 84, 24, 18, 58, 54, 27, 89, 37, 45], 0.18, 1, 8.192113282537116]
Result of instance 55: [[0, 84, 18, 73, 38, 91, 55, 35, 56, 76, 88, 20, 7, 37, 81, 58, 78, 16, 82, 4, 8, 42, 63, 6, 39, 45, 2, 3, 14, 68, 95, 41, 11, 30, 54, 17, 89, 24, 28, 99, 36, 74, 52, 61, 79, 67, 1, 72, 9, 94, 31, 23, 33, 60, 26, 27, 83, 69, 97, 96, 71, 25, 22, 59, 87, 62, 98, 44, 75, 50, 57, 34, 64, 77, 12, 47, 29, 48, 80, 40, 65, 51, 5, 86, 19, 85, 32, 13, 70, 90, 46, 10, 43, 53, 15, 92, 93, 21, 66, 49], 0.14, 1, 7.312905140733781]
Result of instance 56: [[0, 49, 11, 80, 78, 3, 44, 54, 89, 7, 22, 82, 56, 13, 39, 33, 15, 68, 35, 50, 17, 26, 38, 46, 75, 79, 25, 47, 9, 31, 63, 45, 73, 14, 85, 40, 60, 10, 76, 32, 28, 90, 97, 53, 20, 24, 55, 92, 83, 94, 58, 21, 71, 99, 1, 8, 34, 67, 2, 27, 23, 52, 41, 12, 86, 57, 74, 51, 16, 88, 61, 62, 64, 59, 69, 72, 6, 98, 30, 95, 96, 5, 93, 48, 81, 43, 66, 65, 29, 18, 36, 19, 37, 4, 77, 70, 91, 42, 84, 87], 1.05, 1, 8.059754218203105]
Result of instance 57: [[0, 75, 86, 95, 32, 41, 71, 36, 65, 46, 5, 28, 77, 17, 67, 43, 55, 85, 21, 72, 93, 39, 47, 62, 19, 11, 13, 48, 52, 26, 51, 45, 90, 92, 50, 60, 3, 68, 23, 83, 9, 27, 1, 79, 18, 96, 58, 40, 30, 20, 16, 29, 25, 10, 14, 6, 54, 69, 73, 44, 80, 66, 31, 38, 4, 89, 15, 63, 24, 8, 84, 82, 98, 88, 37, 61, 35, 56, 76, 94, 49, 12, 78, 2, 34, 97, 87, 64, 53, 74, 70, 91, 7, 22, 33, 59, 81, 42, 57, 99], 1.43, 1, 7.695737687050844]
Result of instance 58: [[0, 46, 70, 9, 49, 57, 86, 92, 38, 12, 77, 15, 5, 48, 73, 96, 26, 51, 79, 3, 65, 50, 82, 68, 61, 89, 29, 17, 74, 20, 55, 30, 44, 91, 28, 27, 87, 32, 42, 14, 85, 93, 11, 10, 1, 63, 52, 7, 18, 72, 2, 6, 34, 36, 59, 45, 8, 88, 39, 40, 76, 94, 47, 33, 71, 62, 21, 22, 54, 75, 60, 19, 37, 67, 35, 43, 81, 66, 25, 64, 23, 84, 4, 95, 16, 53, 31, 13, 41, 99, 90, 58, 98, 78, 80, 97, 56, 83, 69, 24], 0.32, 1, 7.680560580706642]
Result of instance 59: [[0, 87, 12, 70, 81, 88, 5, 10, 38, 98, 52, 21, 27, 1, 78, 54, 8, 91, 95, 64, 68, 18, 97, 90, 76, 89, 46, 24, 35, 31, 66, 59, 62, 71, 72, 17, 53, 7, 9, 16, 75, 3, 55, 49, 96, 11, 86, 79, 2, 28, 25, 50, 4, 13, 93, 37, 34, 32, 26, 77, 65, 67, 63, 82, 83, 61, 48, 44, 19, 29, 92, 15, 84, 6, 20, 22, 39, 56, 99, 36, 42, 69, 58, 33, 47, 51, 45, 43, 57, 80, 41, 60, 94, 40, 85, 73, 23, 14, 30, 74], 0.18, 1, 7.731537295180882]
Result of instance 60: [[0, 7, 98, 64, 2, 57, 36, 81, 44, 78, 14, 49, 38, 31, 95, 12, 84, 50, 10, 17, 47, 59, 6, 88, 71, 48, 16, 77, 82, 96, 65, 25, 94, 3, 67, 87, 42, 85, 30, 18, 5, 11, 54, 92, 45, 4, 24, 86, 93, 28, 53, 26, 34, 60, 73, 70, 75, 56, 33, 62, 72, 79, 52, 43, 74, 32, 89, 69, 22, 55, 58, 1, 61, 21, 97, 20, 9, 19, 27, 68, 39, 91, 37, 90, 40, 46, 51, 35, 15, 8, 13, 41, 66, 29, 83, 23, 99, 76, 63, 80], 0.28, 1, 7.52381862173951]
Result of instance 61: [[0, 27, 48, 47, 49, 43, 99, 57, 31, 60, 45, 11, 78, 23, 28, 33, 89, 86, 90, 67, 92, 88, 5, 10, 65, 3, 20, 13, 58, 29, 98, 91, 55, 64, 30, 53, 66, 16, 95, 12, 22, 4, 6, 70, 84, 62, 79, 75, 41, 56, 69, 37, 44, 40, 85, 26, 15, 97, 8, 54, 39, 7, 74, 76, 83, 25, 94, 59, 63, 96, 81, 2, 21, 35, 14, 9, 50, 73, 34, 1, 18, 19, 82, 80, 38, 93, 87, 77, 42, 72, 36, 17, 71, 52, 32, 51, 68, 46, 24, 61], 0.13, 1, 7.635837596631663]
Result of instance 62: [[0, 49, 94, 62, 53, 77, 64, 22, 96, 66, 44, 23, 24, 18, 25, 27, 38, 5, 90, 76, 34, 72, 32, 20, 74, 82, 65, 89, 6, 69, 75, 78, 63, 31, 9, 8, 54, 10, 68, 15, 98, 59, 61, 51, 41, 39, 52, 30, 81, 2, 7, 28, 97, 57, 47, 36, 73, 58, 21, 70, 26, 50, 19, 43, 80, 85, 17, 12, 84, 4, 37, 29, 93, 87, 46, 56, 1, 13, 14, 16, 35, 67, 88, 99, 40, 92, 11, 55, 3, 42, 83, 91, 79, 86, 95, 33, 60, 48, 45, 71], 0.17, 1, 7.693999038174427]
Result of instance 63: [[0, 96, 54, 21, 5, 40, 57, 87, 77, 53, 18, 75, 8, 2, 20, 93, 16, 65, 7, 33, 22, 67, 92, 38, 39, 19, 78, 70, 27, 85, 68, 43, 4, 14, 64, 80, 51, 17, 58, 66, 82, 52, 29, 48, 34, 45, 62, 99, 91, 89, 98, 95, 1, 88, 76, 15, 9, 94, 71, 61, 28, 24, 25, 46, 3, 30, 10, 44, 79, 72, 86, 11, 84, 81, 12, 97, 73, 69, 83, 50, 31, 74, 37, 55, 23, 42, 63, 36, 6, 41, 26, 90, 35, 56, 49, 13, 47, 60, 32, 59], 0.83, 1, 8.169397462329401]
Result of instance 64: [[0, 72, 38, 88, 29, 40, 43, 93, 14, 77, 87, 47, 15, 58, 24, 25, 17, 57, 65, 36, 94, 82, 5, 35, 74, 31, 75, 46, 76, 80, 41, 66, 1, 16, 70, 78, 95, 92, 71, 11, 23, 2, 48, 10, 32, 85, 97, 30, 50, 34, 51, 96, 18, 27, 49, 99, 62, 59, 69, 81, 67, 84, 4, 28, 90, 20, 37, 6, 55, 98, 3, 42, 9, 7, 54, 8, 19, 91, 61, 79, 13, 39, 12, 53, 68, 26, 60, 45, 86, 83, 21, 73, 64, 63, 22, 89, 52, 44, 56, 33], 0.08, 1, 7.708749163392157]
Result of instance 65: [[0, 61, 43, 28, 97, 77, 87, 51, 21, 62, 73, 72, 44, 23, 88, 66, 32, 80, 36, 83, 7, 96, 40, 84, 91, 9, 63, 18, 58, 98, 86, 78, 5, 90, 45, 15, 29, 60, 81, 11, 27, 53, 13, 49, 79, 67, 41, 35, 37, 4, 6, 54, 16, 65, 31, 1, 24, 99, 17, 69, 30, 20, 68, 50, 93, 26, 8, 19, 14, 89, 95, 38, 22, 56, 46, 42, 2, 34, 10, 85, 57, 75, 82, 3, 33, 74, 70, 39, 25, 76, 71, 55, 64, 48, 52, 47, 94, 59, 12, 92], 0.15, 1, 7.636083572999624]
Result of instance 66: [[0, 46, 22, 48, 40, 39, 86, 99, 54, 87, 83, 51, 77, 7, 32, 84, 82, 35, 11, 93, 59, 28, 50, 69, 70, 95, 41, 42, 29, 65, 34, 96, 63, 52, 3, 9, 62, 64, 4, 43, 19, 27, 74, 71, 45, 14, 1, 53, 81, 72, 2, 92, 26, 80, 98, 12, 79, 16, 36, 18, 25, 21, 13, 17, 85, 97, 89, 6, 76, 56, 66, 20, 60, 24, 23, 91, 57, 38, 58, 61, 37, 8, 75, 31, 10, 90, 68, 94, 73, 78, 15, 5, 47, 33, 44, 30, 55, 67, 88, 49], 0.13, 1, 7.8877000252006635]
Result of instance 67: [[0, 70, 7, 99, 55, 54, 65, 10, 71, 39, 82, 52, 92, 35, 69, 94, 81, 41, 96, 36, 31, 5, 20, 89, 57, 22, 63, 16, 53, 32, 9, 60, 47, 59, 1, 4, 72, 46, 44, 84, 90, 67, 49, 30, 26, 75, 77, 18, 95, 24, 68, 33, 66, 14, 48, 34, 51, 58, 42, 86, 50, 19, 97, 25, 56, 38, 17, 83, 76, 80, 74, 15, 3, 78, 43, 13, 12, 23, 37, 28, 8, 85, 79, 45, 11, 64, 27, 6, 21, 93, 61, 2, 62, 98, 87, 29, 40, 73, 88, 91], 0.14, 1, 7.917241361957042]
Result of instance 68: [[0, 20, 40, 38, 7, 60, 79, 77, 28, 19, 10, 58, 94, 30, 75, 5, 67, 95, 31, 45, 82, 70, 63, 97, 21, 56, 96, 16, 44, 87, 22, 52, 29, 84, 88, 99, 92, 18, 8, 13, 26, 37, 62, 73, 47, 42, 2, 34, 51, 54, 64, 32, 33, 24, 81, 46, 83, 61, 57, 39, 4, 14, 86, 41, 6, 93, 55, 91, 48, 12, 98, 89, 36, 65, 49, 25, 59, 68, 50, 53, 78, 35, 66, 3, 69, 72, 15, 23, 43, 27, 11, 90, 1, 80, 74, 9, 71, 17, 85, 76], 0.18, 1, 7.8664586373693055]
Result of instance 69: [[0, 35, 17, 24, 96, 40, 94, 95, 86, 34, 19, 99, 90, 50, 46, 83, 54, 31, 82, 85, 92, 70, 38, 75, 87, 9, 49, 53, 11, 6, 23, 72, 68, 25, 10, 81, 33, 93, 76, 60, 55, 69, 28, 88, 41, 62, 73, 98, 80, 57, 63, 30, 27, 13, 5, 84, 79, 51, 8, 1, 64, 44, 43, 22, 37, 89, 20, 52, 47, 18, 7, 36, 21, 71, 66, 65, 4, 16, 14, 45, 74, 29, 61, 58, 67, 2, 97, 26, 12, 3, 91, 78, 42, 77, 48, 59, 39, 56, 15, 32], 0.11, 1, 7.711430273452165]
Result of instance 70: [[0, 39, 37, 45, 74, 66, 85, 72, 76, 1, 97, 57, 80, 20, 58, 27, 82, 19, 36, 59, 98, 21, 68, 8, 50, 60, 30, 2, 69, 46, 28, 44, 29, 4, 61, 53, 91, 17, 13, 49, 22, 84, 7, 77, 81, 73, 16, 9, 10, 41, 15, 86, 35, 33, 78, 88, 70, 94, 89, 11, 95, 6, 47, 38, 23, 64, 24, 96, 83, 34, 99, 42, 12, 79, 55, 52, 48, 25, 71, 56, 43, 5, 87, 51, 63, 92, 75, 62, 54, 32, 93, 90, 14, 67, 3, 65, 26, 40, 18, 31], 0.16, 1, 7.358531747605268]
Result of instance 71: [[0, 26, 61, 77, 33, 21, 73, 9, 35, 18, 37, 68, 62, 52, 91, 81, 59, 24, 14, 10, 69, 1, 87, 30, 60, 82, 7, 12, 47, 32, 57, 45, 70, 16, 65, 72, 13, 71, 34, 58, 20, 53, 23, 54, 15, 76, 51, 49, 74, 80, 44, 5, 38, 96, 3, 40, 86, 79, 56, 11, 42, 31, 36, 94, 55, 22, 41, 4, 90, 2, 25, 89, 28, 99, 84, 27, 29, 83, 78, 67, 93, 17, 66, 97, 88, 19, 46, 48, 43, 98, 85, 63, 8, 64, 75, 6, 95, 39, 50, 92], 0.1, 1, 7.868602989220235]
Result of instance 72: [[0, 64, 56, 44, 73, 83, 30, 48, 74, 19, 40, 43, 72, 95, 61, 84, 33, 96, 80, 70, 22, 87, 75, 34, 51, 13, 27, 94, 54, 3, 11, 6, 8, 35, 69, 77, 99, 29, 26, 68, 15, 57, 66, 46, 53, 41, 98, 4, 88, 55, 86, 90, 76, 52, 17, 36, 12, 93, 14, 81, 65, 67, 62, 10, 21, 2, 18, 50, 63, 39, 60, 31, 1, 78, 79, 5, 16, 37, 45, 28, 7, 47, 24, 9, 82, 91, 92, 89, 42, 97, 59, 20, 23, 25, 49, 85, 38, 32, 71, 58], 0.13, 1, 7.9982806625717355]
Result of instance 73: [[0, 47, 17, 84, 94, 67, 68, 76, 1, 86, 2, 22, 12, 29, 18, 42, 55, 64, 41, 98, 96, 4, 48, 39, 34, 83, 62, 28, 88, 53, 77, 70, 95, 24, 59, 32, 50, 46, 40, 45, 57, 3, 60, 26, 80, 14, 49, 27, 13, 51, 10, 19, 23, 90, 65, 61, 89, 52, 63, 93, 16, 21, 92, 25, 73, 85, 72, 20, 75, 15, 44, 7, 58, 35, 6, 9, 30, 31, 37, 99, 56, 81, 69, 5, 38, 87, 36, 33, 82, 43, 97, 71, 54, 79, 11, 78, 91, 74, 66, 8], 0.32, 1, 7.666069129988306]
Result of instance 74: [[0, 35, 77, 13, 53, 10, 43, 75, 79, 6, 95, 32, 85, 47, 67, 76, 81, 90, 7, 28, 45, 91, 88, 5, 66, 8, 58, 1, 84, 57, 48, 18, 69, 4, 60, 63, 17, 65, 70, 46, 61, 41, 89, 22, 98, 42, 36, 52, 29, 87, 37, 40, 80, 20, 31, 71, 33, 27, 56, 9, 78, 21, 83, 72, 99, 73, 55, 59, 24, 12, 68, 11, 74, 44, 38, 82, 19, 62, 3, 25, 51, 92, 49, 50, 94, 97, 39, 14, 15, 64, 23, 96, 2, 30, 54, 26, 34, 86, 93, 16], 0.23, 1, 7.969915187230957]
Result of instance 75: [[0, 85, 67, 72, 55, 62, 11, 9, 8, 33, 96, 99, 57, 89, 65, 20, 44, 95, 21, 51, 34, 61, 15, 41, 60, 82, 32, 6, 69, 87, 71, 88, 17, 74, 24, 10, 56, 13, 25, 59, 22, 3, 30, 78, 12, 97, 2, 91, 26, 98, 70, 76, 7, 64, 73, 92, 31, 37, 93, 49, 43, 77, 86, 53, 38, 81, 42, 47, 94, 14, 83, 36, 45, 63, 23, 19, 52, 48, 39, 29, 80, 27, 50, 5, 66, 35, 28, 16, 46, 90, 79, 40, 75, 4, 58, 54, 1, 84, 18, 68], 0.14, 1, 7.500070111000663]
Result of instance 76: [[0, 7, 38, 75, 52, 36, 57, 60, 87, 41, 95, 89, 5, 17, 90, 30, 86, 9, 69, 62, 82, 45, 99, 74, 50, 93, 29, 25, 13, 8, 1, 73, 16, 22, 83, 18, 98, 96, 20, 48, 28, 47, 78, 61, 55, 65, 58, 76, 85, 77, 80, 23, 54, 88, 81, 34, 4, 56, 92, 84, 27, 19, 46, 35, 39, 32, 59, 67, 70, 42, 6, 12, 11, 14, 53, 79, 94, 97, 40, 63, 51, 37, 26, 24, 44, 21, 68, 15, 72, 66, 71, 64, 10, 43, 2, 33, 49, 3, 31, 91], 0.11, 1, 8.275138135128739]
Result of instance 77: [[0, 46, 76, 17, 5, 13, 44, 38, 29, 57, 6, 64, 63, 65, 7, 9, 96, 52, 42, 20, 25, 34, 53, 33, 73, 48, 51, 54, 40, 21, 41, 8, 4, 84, 31, 60, 30, 97, 80, 50, 70, 81, 79, 82, 91, 27, 92, 28, 89, 68, 67, 11, 74, 47, 88, 86, 12, 24, 2, 98, 37, 49, 99, 87, 95, 22, 32, 26, 94, 23, 85, 36, 69, 61, 18, 58, 45, 19, 62, 1, 66, 59, 43, 78, 90, 3, 75, 93, 16, 72, 77, 39, 35, 10, 71, 56, 15, 55, 83, 14], 0.12, 1, 7.925787114622039]
Result of instance 78: [[0, 96, 15, 67, 97, 78, 19, 10, 54, 4, 68, 94, 99, 73, 23, 75, 57, 52, 13, 29, 31, 9, 90, 45, 34, 35, 65, 40, 17, 87, 20, 33, 28, 8, 12, 42, 86, 24, 21, 38, 84, 93, 91, 1, 39, 49, 82, 69, 25, 14, 74, 76, 11, 77, 62, 36, 63, 46, 60, 43, 61, 66, 16, 51, 58, 47, 64, 85, 81, 41, 95, 92, 44, 6, 22, 71, 26, 32, 37, 27, 70, 55, 89, 56, 3, 48, 50, 72, 30, 5, 83, 53, 80, 2, 88, 79, 59, 98, 18, 7], 0.22, 1, 7.72629254937885]
Result of instance 79: [[0, 73, 78, 59, 26, 84, 67, 47, 98, 51, 11, 41, 33, 10, 83, 56, 43, 96, 95, 89, 12, 15, 70, 86, 31, 74, 91, 81, 79, 39, 46, 66, 97, 48, 88, 40, 76, 19, 93, 5, 99, 92, 69, 42, 20, 1, 6, 38, 7, 30, 25, 72, 64, 80, 87, 85, 2, 37, 52, 13, 35, 28, 18, 50, 8, 14, 90, 58, 34, 71, 17, 27, 29, 94, 9, 65, 16, 21, 63, 62, 3, 68, 77, 23, 4, 44, 75, 45, 24, 22, 53, 54, 49, 61, 57, 55, 36, 60, 82, 32], 1.62, 1, 7.376210620075065]
Result of instance 80: [[0, 42, 28, 61, 75, 98, 96, 72, 33, 13, 25, 53, 57, 97, 64, 71, 30, 18, 17, 16, 74, 10, 95, 99, 82, 79, 48, 38, 21, 14, 29, 88, 86, 26, 84, 81, 66, 6, 78, 87, 40, 20, 35, 52, 68, 59, 91, 58, 24, 73, 69, 93, 85, 76, 9, 89, 34, 31, 90, 41, 15, 12, 27, 3, 36, 50, 1, 70, 45, 51, 19, 8, 55, 5, 11, 77, 63, 7, 56, 49, 4, 32, 60, 44, 80, 94, 65, 92, 54, 2, 22, 62, 47, 37, 83, 43, 46, 23, 67, 39], 0.18, 1, 8.005482171553432]
Result of instance 81: [[0, 87, 81, 83, 3, 5, 47, 8, 29, 12, 50, 20, 17, 21, 60, 48, 82, 41, 28, 14, 69, 13, 58, 45, 57, 59, 77, 95, 55, 27, 79, 2, 75, 93, 98, 15, 22, 49, 72, 40, 36, 9, 88, 91, 94, 56, 66, 31, 64, 34, 52, 53, 63, 35, 38, 86, 99, 42, 97, 73, 76, 43, 30, 90, 39, 70, 54, 61, 92, 85, 37, 10, 44, 71, 18, 33, 46, 32, 23, 7, 62, 74, 78, 6, 24, 89, 11, 96, 84, 68, 67, 25, 19, 51, 65, 16, 1, 80, 4, 26], 0.27, 1, 7.8140906219091795]
Result of instance 82: [[0, 93, 32, 28, 96, 24, 11, 26, 1, 86, 84, 62, 12, 21, 78, 23, 4, 35, 80, 25, 15, 61, 20, 51, 56, 9, 49, 66, 42, 98, 46, 48, 92, 54, 55, 41, 82, 63, 74, 58, 34, 71, 76, 6, 17, 37, 70, 44, 57, 16, 10, 64, 53, 95, 5, 30, 50, 72, 60, 18, 73, 81, 13, 89, 77, 90, 75, 38, 65, 45, 7, 99, 52, 31, 87, 22, 43, 14, 91, 79, 69, 97, 47, 88, 83, 67, 29, 8, 3, 33, 68, 19, 59, 94, 40, 85, 36, 2, 27, 39], 0.12, 1, 7.9456424229987554]
Result of instance 83: [[0, 91, 19, 62, 45, 99, 15, 97, 5, 86, 42, 4, 38, 90, 43, 71, 26, 40, 29, 33, 28, 8, 18, 20, 85, 83, 94, 30, 58, 10, 23, 12, 35, 55, 1, 13, 66, 54, 61, 34, 96, 80, 53, 2, 51, 69, 48, 14, 82, 72, 67, 63, 68, 17, 64, 60, 65, 39, 75, 88, 81, 21, 22, 56, 77, 36, 25, 93, 74, 78, 89, 52, 92, 79, 46, 73, 9, 6, 44, 24, 59, 49, 41, 11, 70, 95, 32, 16, 84, 76, 50, 7, 37, 98, 3, 27, 47, 31, 87, 57], 0.2, 1, 7.852314285490642]
Result of instance 84: [[0, 7, 35, 53, 66, 32, 87, 27, 74, 65, 89, 30, 19, 20, 88, 13, 44, 11, 34, 72, 26, 59, 58, 15, 25, 80, 94, 86, 83, 60, 71, 99, 78, 31, 14, 41, 81, 1, 12, 93, 67, 42, 21, 43, 4, 64, 52, 90, 3, 8, 77, 70, 10, 40, 82, 24, 95, 17, 5, 16, 55, 39, 62, 56, 36, 85, 46, 22, 28, 33, 45, 63, 79, 50, 6, 48, 69, 76, 23, 68, 73, 2, 98, 57, 96, 38, 49, 61, 92, 29, 18, 9, 54, 84, 51, 47, 75, 91, 97, 37], 0.15, 1, 7.822291456883484]
Result of instance 85: [[0, 26, 27, 84, 50, 21, 8, 24, 51, 90, 28, 91, 64, 98, 94, 11, 45, 9, 35, 29, 86, 80, 6, 2, 37, 70, 33, 95, 75, 53, 58, 73, 68, 83, 30, 88, 99, 36, 87, 66, 62, 14, 74, 56, 63, 20, 67, 32, 77, 96, 78, 85, 54, 19, 52, 72, 40, 15, 93, 92, 71, 12, 7, 10, 47, 89, 3, 1, 61, 97, 69, 39, 76, 82, 42, 23, 65, 13, 31, 22, 34, 44, 59, 17, 60, 41, 18, 16, 79, 5, 57, 25, 43, 48, 38, 4, 46, 81, 55, 49], 0.07, 1, 7.859442548135543]
Result of instance 86: [[0, 71, 49, 91, 82, 18, 99, 39, 14, 6, 37, 86, 9, 65, 94, 7, 24, 13, 69, 78, 40, 17, 79, 10, 45, 47, 59, 85, 63, 52, 64, 34, 93, 29, 83, 60, 54, 4, 72, 1, 43, 58, 48, 98, 42, 77, 20, 33, 38, 95, 25, 53, 70, 66, 87, 56, 74, 90, 35, 80, 22, 12, 46, 19, 50, 26, 16, 68, 31, 88, 15, 57, 28, 36, 11, 89, 51, 84, 73, 44, 3, 75, 32, 96, 5, 92, 23, 62, 27, 81, 55, 61, 8, 30, 41, 21, 76, 67, 2, 97], 0.2, 1, 7.751429358737396]
Result of instance 87: [[0, 84, 95, 9, 87, 60, 69, 72, 74, 96, 34, 11, 30, 90, 44, 45, 40, 63, 88, 76, 28, 68, 12, 51, 22, 14, 64, 82, 93, 7, 58, 57, 89, 73, 99, 86, 52, 23, 38, 83, 98, 49, 46, 39, 35, 56, 47, 67, 6, 92, 36, 26, 16, 4, 41, 32, 59, 17, 10, 2, 77, 5, 18, 70, 75, 79, 81, 97, 29, 65, 19, 24, 25, 62, 53, 31, 33, 15, 37, 42, 1, 78, 20, 94, 48, 54, 50, 55, 43, 8, 66, 13, 85, 71, 91, 3, 61, 80, 21, 27], 1.23, 5, 8.159855367593998]
Result of instance 88: [[0, 14, 87, 82, 59, 16, 10, 7, 28, 84, 65, 81, 52, 56, 3, 9, 95, 17, 48, 6, 32, 42, 51, 96, 11, 47, 99, 15, 21, 33, 26, 92, 39, 93, 70, 66, 55, 8, 54, 1, 20, 94, 41, 60, 63, 13, 50, 43, 79, 46, 37, 80, 49, 19, 44, 74, 2, 88, 62, 34, 58, 61, 73, 83, 67, 31, 12, 35, 98, 90, 5, 77, 27, 64, 30, 78, 23, 89, 57, 45, 38, 72, 4, 24, 76, 53, 36, 97, 29, 86, 25, 68, 18, 75, 40, 91, 22, 85, 71, 69], 1.45, 3, 8.136849034678654]
Result of instance 89: [[0, 96, 5, 26, 42, 65, 7, 75, 36, 86, 39, 25, 66, 46, 12, 34, 77, 52, 22, 44, 50, 81, 49, 32, 67, 15, 82, 60, 94, 92, 91, 59, 27, 33, 8, 97, 29, 24, 41, 62, 93, 70, 10, 9, 63, 69, 16, 3, 4, 6, 48, 73, 2, 28, 80, 30, 11, 71, 45, 31, 64, 54, 57, 98, 18, 35, 84, 43, 61, 21, 89, 78, 53, 17, 47, 87, 58, 23, 99, 14, 40, 13, 85, 20, 38, 37, 55, 90, 1, 19, 72, 95, 51, 74, 88, 76, 83, 56, 79, 68], 0.1, 1, 7.535628901627598]
Result of instance 90: [[0, 35, 66, 6, 67, 10, 92, 21, 29, 74, 18, 97, 42, 41, 22, 63, 3, 7, 68, 52, 70, 89, 4, 98, 76, 90, 96, 59, 94, 30, 12, 60, 19, 27, 69, 51, 14, 13, 81, 48, 86, 55, 1, 44, 32, 79, 50, 99, 87, 45, 33, 43, 83, 80, 2, 61, 28, 82, 15, 31, 24, 20, 16, 57, 40, 17, 37, 5, 23, 71, 26, 34, 8, 85, 73, 64, 72, 78, 47, 53, 95, 9, 38, 91, 54, 58, 88, 84, 93, 75, 39, 65, 36, 46, 11, 25, 77, 56, 62, 49], 0.11, 1, 7.706085319842173]
Result of instance 91: [[0, 14, 47, 88, 55, 62, 76, 63, 15, 85, 43, 2, 37, 99, 48, 16, 58, 7, 67, 86, 24, 46, 81, 70, 27, 61, 80, 25, 72, 52, 82, 17, 64, 71, 44, 10, 95, 92, 75, 45, 42, 18, 6, 30, 78, 51, 98, 56, 49, 3, 28, 83, 22, 31, 38, 84, 77, 96, 69, 34, 57, 26, 39, 40, 12, 4, 79, 89, 29, 87, 5, 19, 35, 73, 53, 50, 20, 36, 9, 54, 74, 65, 97, 23, 94, 91, 8, 32, 1, 21, 60, 11, 66, 59, 93, 33, 13, 68, 41, 90], 0.16, 1, 7.673285570394066]
Result of instance 92: [[0, 90, 60, 25, 22, 97, 91, 64, 63, 80, 35, 98, 74, 19, 75, 6, 77, 85, 70, 28, 73, 96, 48, 9, 61, 53, 45, 15, 59, 81, 10, 93, 79, 82, 34, 68, 2, 17, 44, 11, 49, 29, 24, 52, 78, 1, 56, 14, 67, 7, 95, 36, 62, 37, 51, 92, 41, 84, 42, 50, 27, 33, 69, 86, 38, 21, 31, 8, 57, 32, 4, 39, 13, 55, 87, 58, 66, 94, 16, 89, 5, 72, 76, 23, 43, 71, 46, 20, 26, 30, 54, 40, 3, 47, 83, 88, 65, 99, 12, 18], 0.1, 1, 7.418201589424861]
Result of instance 93: [[0, 40, 71, 3, 7, 45, 93, 94, 41, 34, 38, 20, 30, 64, 10, 29, 18, 60, 76, 88, 66, 75, 73, 62, 9, 21, 36, 46, 1, 22, 58, 54, 78, 69, 27, 92, 89, 96, 14, 42, 98, 84, 2, 86, 16, 59, 48, 97, 68, 53, 95, 24, 17, 50, 43, 32, 15, 70, 25, 31, 55, 12, 39, 49, 90, 77, 74, 8, 80, 4, 51, 11, 23, 33, 82, 61, 91, 56, 35, 85, 44, 37, 99, 83, 52, 81, 57, 47, 65, 72, 87, 19, 63, 26, 5, 28, 6, 13, 67, 79], 0.11, 1, 7.692390834763751]
Result of instance 94: [[0, 88, 55, 50, 46, 75, 27, 33, 37, 76, 89, 54, 39, 87, 47, 29, 15, 69, 16, 57, 90, 45, 2, 17, 71, 67, 14, 97, 79, 52, 35, 80, 28, 18, 60, 22, 5, 1, 34, 86, 32, 9, 41, 24, 68, 38, 98, 26, 93, 77, 10, 8, 4, 6, 96, 13, 63, 83, 56, 74, 73, 48, 49, 91, 21, 66, 78, 61, 62, 65, 31, 40, 51, 84, 94, 44, 72, 58, 92, 64, 23, 36, 85, 59, 12, 42, 99, 20, 25, 81, 70, 95, 7, 82, 53, 11, 30, 43, 19, 3], 0.81, 1, 7.632067591305003]
Result of instance 95: [[0, 47, 62, 71, 12, 50, 64, 4, 49, 66, 81, 77, 37, 18, 33, 75, 72, 80, 10, 36, 74, 3, 35, 70, 22, 84, 48, 69, 13, 7, 38, 45, 79, 29, 11, 46, 52, 43, 67, 31, 15, 24, 83, 44, 32, 78, 27, 25, 61, 42, 97, 19, 6, 87, 55, 16, 85, 1, 82, 94, 98, 21, 96, 40, 28, 88, 63, 65, 8, 41, 17, 53, 23, 26, 14, 20, 30, 86, 34, 90, 89, 39, 92, 56, 73, 58, 99, 76, 54, 59, 5, 57, 2, 60, 93, 68, 51, 9, 91, 95], 0.16, 1, 8.046845467183335]
Result of instance 96: [[0, 2, 60, 34, 83, 18, 47, 76, 8, 15, 1, 19, 50, 99, 61, 88, 48, 67, 77, 63, 13, 96, 3, 6, 82, 26, 86, 75, 43, 70, 23, 90, 66, 94, 53, 37, 10, 84, 42, 56, 78, 32, 52, 39, 40, 11, 29, 12, 36, 93, 20, 87, 28, 62, 64, 73, 46, 59, 35, 24, 95, 98, 79, 97, 89, 49, 27, 9, 38, 41, 4, 30, 81, 57, 91, 51, 68, 21, 31, 74, 55, 85, 7, 45, 17, 5, 44, 58, 65, 33, 22, 72, 71, 14, 92, 69, 25, 16, 80, 54], 0.3, 1, 7.849804846331468]
Result of instance 97: [[0, 79, 12, 66, 82, 32, 80, 4, 38, 2, 26, 40, 84, 17, 91, 43, 28, 31, 92, 7, 50, 75, 67, 57, 24, 20, 25, 22, 45, 3, 6, 81, 41, 87, 83, 13, 54, 76, 16, 9, 77, 52, 23, 39, 48, 1, 34, 15, 64, 19, 27, 49, 65, 5, 71, 68, 98, 44, 30, 93, 95, 53, 55, 61, 58, 97, 8, 70, 21, 59, 99, 35, 11, 88, 37, 90, 72, 46, 10, 14, 78, 60, 63, 94, 86, 74, 51, 42, 96, 73, 29, 85, 36, 47, 33, 56, 69, 89, 62, 18], 0.5, 1, 7.541276035633803]
Result of instance 98: [[0, 79, 23, 45, 17, 40, 36, 13, 93, 20, 26, 71, 9, 72, 42, 53, 46, 66, 89, 51, 16, 57, 55, 97, 33, 63, 85, 64, 8, 88, 25, 86, 82, 80, 61, 78, 65, 43, 47, 27, 30, 59, 74, 90, 91, 84, 18, 39, 22, 12, 96, 92, 11, 98, 56, 95, 70, 6, 44, 73, 60, 35, 2, 37, 19, 34, 99, 77, 76, 32, 67, 50, 21, 48, 52, 94, 31, 1, 3, 81, 54, 24, 4, 62, 5, 83, 29, 10, 38, 15, 87, 7, 14, 68, 49, 69, 41, 58, 75, 28], 0.15, 1, 8.158750709273454]
Result of instance 99: [[0, 58, 12, 66, 59, 19, 32, 8, 9, 41, 76, 60, 24, 16, 70, 96, 87, 13, 51, 33, 94, 89, 98, 34, 6, 17, 44, 2, 67, 72, 69, 7, 49, 52, 45, 42, 48, 92, 1, 20, 91, 57, 35, 47, 88, 78, 71, 38, 73, 4, 81, 14, 30, 65, 21, 23, 85, 18, 55, 93, 26, 53, 83, 56, 40, 11, 77, 25, 39, 61, 80, 64, 68, 15, 63, 37, 82, 95, 86, 84, 29, 27, 3, 46, 28, 54, 74, 97, 43, 62, 75, 5, 50, 99, 36, 90, 10, 79, 31, 22], 0.17, 1, 7.375535043616705]
