                     Hybrid Mean  Hybrid Int Classic Mean  Classic Int P-val for Wilcoxon signed-rank test
Resolved Instances         95.6%    0.000000        95.6%     0.000000                                   -
Closed NN                   0.0%    0.000000         0.0%     0.000000                                   -
Closed NN Hybrid          48.12%    0.000000         0.0%     0.000000                                   -
Closed 1Tree                0.0%    0.000000         0.0%     0.000000                                   -
Closed Subgradient        51.88%    0.000000       100.0%     0.000000                                   -
total_time             45.726941    5.399621     51.68675     5.911170                            0.399459
time_bb                  43.2535    5.386102     51.46178     5.896306                                 0.0
time_to_best           19.104707    3.210727    33.600757     4.091511                                 0.0
generate_bbnodes     3590.766562  443.477078  4439.601472   500.272667                                 0.0
explored_bbnodes     3013.257624  380.324091  3308.892744   386.920516                                 0.0
bbnodes_before_best  1561.139853  273.647239  2347.243954   292.036021                                 0.0
total_tree_level       15.542587    0.435040     16.40694     0.402919                                 0.0
best_level              6.436383    0.428784    11.030494     0.260632                                 0.0
prob_best                0.99152    0.000708          0.0     0.000000                                 0.0
best_value              7.757187    0.014293     7.757853     0.014284                            0.000042

Not resolved 44 instances for hybrid: [7, 9, 10, 27, 46, 58, 70, 74, 80, 89, 98, 196, 236, 268, 333, 337, 400, 431, 443, 456, 496, 501, 565, 618, 620, 622, 624, 628, 632, 679, 690, 715, 764, 782, 784, 810, 814, 819, 843, 854, 939, 954, 969, 974]

Not resolved 44 instances for classic: [7, 10, 27, 46, 58, 70, 74, 80, 86, 89, 98, 196, 236, 268, 333, 393, 400, 431, 443, 456, 496, 501, 549, 605, 618, 620, 622, 624, 628, 632, 690, 715, 764, 782, 784, 810, 819, 843, 854, 935, 939, 954, 969, 974]

                 H_mean_generated  H_mean_+_std  H_mean_-_std  C_mean_generated  C_mean_+_std  C_mean_-_std
Log values               3.575973      4.047010      0.000000          3.662511      4.105728      0.000000
Original values       3766.807531  11143.191727  -3609.576664       4597.384937  12756.406919  -3561.637044