                     Hybrid Mean  Hybrid Int Classic Mean  Classic Int P-val for Wilcoxon signed-rank test
Resolved Instances         47.4%    0.000000        43.6%     0.000000                                   -
Closed NN                   0.0%    0.000000         0.0%     0.000000                                   -
Closed NN Hybrid            0.0%    0.000000         0.0%     0.000000                                   -
Closed 1Tree                0.0%    0.000000         0.0%     0.000000                                   -
Closed Subgradient        100.0%    0.000000       100.0%     0.000000                                   -
total_time            140.917979   13.863828   163.998143    15.442457                             0.00009
time_bb               137.941247   13.830239   163.373267    15.402357                            0.000002
time_to_best          107.312424   11.553563   132.803841    13.157861                                 0.0
generate_bbnodes     1995.945813  202.756176   2399.70936   226.721506                                 0.0
explored_bbnodes     1274.492611  130.502011  1483.206897   143.731162                            0.000025
bbnodes_before_best  1396.334975  159.032081  1527.241379   166.920217                            0.067355
total_tree_level       17.253695    0.427585    16.928571     0.405774                            0.028217
best_level             12.371921    0.320038    12.027094     0.311770                            0.018616
prob_best                0.37555    0.001974          0.0     0.000000                                 0.0
best_value              9.326021    0.021716     9.325725     0.021731                            0.409691

Not resolved 526 instances for hybrid: [1, 4, 11, 12, 13, 14, 17, 25, 27, 29, 30, 31, 32, 33, 35, 36, 39, 40, 43, 44, 45, 46, 49, 51, 55, 56, 57, 58, 59, 60, 61, 64, 65, 67, 69, 71, 74, 77, 82, 83, 84, 85, 86, 87, 88, 89, 92, 95, 96, 98, 100, 102, 103, 105, 107, 111, 112, 114, 116, 118, 119, 120, 124, 127, 131, 132, 133, 135, 137, 138, 142, 143, 147, 148, 149, 150, 151, 152, 165, 166, 167, 170, 173, 174, 175, 177, 180, 182, 183, 184, 185, 188, 189, 190, 192, 194, 195, 198, 201, 202, 203, 206, 210, 212, 213, 214, 216, 219, 220, 221, 224, 225, 226, 230, 231, 233, 235, 236, 240, 241, 247, 249, 250, 251, 252, 253, 254, 256, 258, 260, 265, 267, 268, 269, 273, 275, 277, 279, 283, 286, 288, 291, 292, 295, 296, 297, 298, 299, 300, 301, 303, 305, 306, 307, 308, 310, 311, 312, 313, 316, 318, 321, 322, 323, 327, 329, 330, 331, 332, 333, 335, 336, 337, 339, 340, 342, 343, 344, 345, 346, 347, 348, 351, 355, 356, 357, 358, 360, 362, 363, 364, 367, 368, 370, 373, 374, 378, 379, 381, 382, 385, 386, 387, 388, 391, 392, 393, 394, 397, 398, 399, 400, 401, 404, 406, 407, 408, 410, 412, 413, 414, 415, 417, 419, 424, 425, 427, 429, 432, 433, 435, 437, 438, 439, 440, 442, 443, 447, 448, 449, 450, 452, 453, 454, 455, 456, 458, 459, 460, 465, 466, 467, 469, 472, 473, 477, 479, 480, 483, 484, 485, 487, 490, 491, 493, 497, 498, 502, 503, 504, 508, 510, 512, 516, 517, 520, 521, 527, 528, 530, 531, 534, 535, 537, 539, 541, 544, 545, 546, 548, 550, 551, 554, 555, 557, 559, 565, 566, 570, 571, 572, 576, 582, 583, 585, 586, 589, 590, 592, 593, 595, 596, 597, 598, 600, 601, 602, 604, 605, 606, 612, 614, 616, 619, 622, 624, 625, 628, 629, 630, 631, 632, 634, 636, 640, 641, 643, 646, 647, 649, 653, 655, 656, 659, 660, 661, 662, 663, 664, 666, 670, 672, 673, 676, 677, 679, 681, 683, 684, 687, 689, 691, 692, 693, 695, 696, 697, 698, 700, 703, 704, 705, 706, 707, 708, 711, 713, 715, 720, 724, 725, 726, 727, 728, 729, 731, 733, 738, 739, 740, 744, 748, 749, 751, 752, 759, 762, 763, 766, 768, 769, 770, 771, 772, 774, 776, 778, 779, 780, 781, 782, 786, 792, 793, 795, 796, 800, 804, 805, 806, 808, 809, 810, 812, 818, 819, 820, 822, 824, 825, 826, 828, 829, 830, 833, 835, 836, 837, 839, 841, 843, 846, 847, 848, 849, 850, 851, 853, 856, 859, 860, 861, 863, 867, 872, 873, 874, 876, 878, 880, 881, 883, 884, 886, 888, 891, 892, 893, 895, 902, 903, 904, 908, 911, 912, 914, 915, 920, 922, 923, 924, 925, 927, 928, 929, 930, 931, 935, 936, 937, 941, 942, 945, 946, 948, 949, 951, 952, 954, 955, 956, 957, 958, 960, 962, 963, 964, 968, 969, 971, 973, 975, 976, 977, 979, 980, 983, 986, 987, 989, 990, 993, 995, 996, 998, 999]

Not resolved 564 instances for classic: [1, 3, 4, 9, 11, 12, 14, 15, 25, 29, 31, 32, 33, 36, 39, 40, 43, 44, 45, 46, 49, 51, 55, 56, 57, 58, 59, 60, 62, 64, 65, 66, 69, 71, 74, 76, 77, 79, 82, 83, 84, 85, 86, 87, 88, 89, 92, 95, 98, 100, 102, 103, 105, 107, 108, 111, 112, 114, 116, 118, 119, 120, 124, 127, 131, 132, 133, 135, 137, 138, 139, 142, 143, 144, 147, 148, 149, 150, 151, 158, 165, 166, 167, 169, 170, 173, 174, 175, 177, 182, 183, 184, 185, 188, 189, 190, 193, 194, 195, 198, 201, 202, 203, 206, 210, 212, 213, 214, 216, 219, 220, 221, 223, 224, 225, 226, 228, 230, 231, 233, 240, 241, 247, 249, 250, 251, 252, 253, 254, 256, 258, 260, 265, 266, 267, 268, 269, 272, 273, 275, 277, 279, 283, 286, 287, 288, 291, 292, 295, 296, 297, 298, 299, 300, 301, 303, 305, 306, 307, 308, 310, 311, 312, 313, 316, 318, 321, 322, 323, 327, 329, 330, 331, 332, 333, 335, 336, 337, 342, 343, 344, 346, 347, 348, 351, 353, 355, 356, 357, 358, 360, 362, 363, 364, 367, 368, 370, 373, 374, 377, 378, 379, 381, 382, 383, 386, 387, 388, 391, 392, 393, 394, 396, 397, 398, 399, 400, 401, 402, 403, 404, 406, 407, 408, 409, 410, 412, 413, 414, 415, 417, 419, 421, 424, 425, 427, 429, 432, 433, 434, 435, 437, 438, 440, 442, 443, 446, 447, 448, 449, 450, 452, 453, 454, 455, 456, 458, 459, 460, 462, 465, 466, 467, 470, 472, 473, 474, 476, 477, 479, 480, 483, 484, 485, 486, 487, 490, 491, 493, 497, 498, 499, 502, 503, 504, 508, 510, 512, 513, 516, 517, 520, 521, 527, 528, 530, 531, 532, 534, 535, 537, 538, 539, 541, 543, 544, 545, 546, 548, 550, 554, 555, 557, 558, 559, 562, 565, 566, 570, 572, 576, 578, 580, 581, 582, 583, 586, 587, 589, 590, 592, 593, 595, 596, 597, 598, 600, 601, 602, 603, 604, 605, 606, 612, 619, 622, 624, 625, 628, 629, 630, 631, 632, 634, 636, 640, 641, 644, 646, 649, 650, 652, 653, 655, 656, 659, 660, 661, 662, 663, 664, 666, 670, 671, 672, 673, 674, 676, 677, 681, 683, 684, 686, 687, 689, 691, 692, 693, 695, 696, 697, 698, 699, 700, 703, 704, 705, 706, 707, 708, 711, 713, 715, 720, 724, 725, 727, 728, 729, 731, 733, 736, 738, 739, 740, 743, 744, 748, 749, 751, 752, 759, 760, 762, 763, 766, 768, 769, 770, 771, 772, 774, 776, 778, 779, 780, 781, 782, 783, 786, 787, 789, 792, 793, 795, 796, 800, 804, 805, 806, 808, 809, 810, 812, 818, 819, 820, 822, 823, 824, 825, 826, 828, 829, 830, 833, 835, 836, 837, 839, 841, 843, 844, 846, 847, 848, 849, 850, 851, 853, 856, 857, 859, 860, 861, 863, 867, 872, 873, 874, 876, 878, 880, 881, 883, 884, 886, 888, 891, 892, 893, 895, 897, 901, 902, 903, 904, 905, 908, 911, 912, 914, 915, 917, 920, 922, 923, 924, 925, 926, 927, 928, 929, 930, 931, 935, 936, 937, 941, 942, 945, 946, 948, 951, 952, 954, 955, 956, 957, 958, 960, 962, 963, 964, 968, 969, 971, 973, 974, 975, 976, 977, 979, 980, 983, 985, 987, 989, 990, 993, 995, 996, 998, 999]

                 H_mean_generated  H_mean_+_std  H_mean_-_std  C_mean_generated  C_mean_+_std  C_mean_-_std
Log values               3.387590      3.675972      2.146570          3.425406      3.713540      2.192683
Original values       2441.126582   4742.110679    140.142485       2663.215596   5170.589627    155.841565