n=99;
Cost=[[0.0, 14.0, 23.0, 28.0, 43.0, 52.0, 61.0, 71.0, 81.0, 17.0, 25.0, 27.0, 40.0, 42.0, 58.0, 67.0, 80.0, 87.0, 49.0, 40.0, 54.0, 52.0, 59.0, 69.0, 74.0, 84.0, 97.0, 68.0, 75.0, 68.0, 73.0, 83.0, 87.0, 96.0, 96.0, 106.0, 77.0, 92.0, 96.0, 97.0, 92.0, 99.0, 100.0, 107.0, 122.0, 105.0, 107.0, 100.0, 119.0, 110.0, 118.0, 122.0, 128.0, 134.0, 120.0, 130.0, 126.0, 130.0, 138.0, 128.0, 143.0, 146.0, 149.0, 142.0, 143.0, 150.0, 154.0, 158.0, 158.0, 159.0, 162.0, 166.0, 173.0, 158.0, 166.0, 175.0, 173.0, 169.0, 180.0, 171.0, 177.0, 191.0, 192.0, 186.0, 186.0, 195.0, 197.0, 193.0, 202.0, 206.0, 207.0, 213.0, 207.0, 214.0, 203.0, 215.0, 211.0, 218.0, 215.0, ]
[14.0, 0.0, 9.0, 18.0, 33.0, 42.0, 52.0, 62.0, 71.0, 11.0, 11.0, 13.0, 26.0, 29.0, 45.0, 54.0, 67.0, 75.0, 40.0, 29.0, 40.0, 38.0, 45.0, 54.0, 60.0, 70.0, 83.0, 58.0, 63.0, 55.0, 59.0, 69.0, 73.0, 82.0, 82.0, 92.0, 66.0, 80.0, 84.0, 84.0, 78.0, 85.0, 85.0, 93.0, 107.0, 95.0, 96.0, 88.0, 107.0, 97.0, 104.0, 108.0, 114.0, 120.0, 110.0, 119.0, 114.0, 118.0, 125.0, 114.0, 129.0, 132.0, 135.0, 132.0, 132.0, 138.0, 142.0, 146.0, 145.0, 145.0, 148.0, 152.0, 162.0, 147.0, 154.0, 163.0, 160.0, 156.0, 167.0, 157.0, 163.0, 180.0, 181.0, 174.0, 174.0, 183.0, 184.0, 180.0, 188.0, 192.0, 196.0, 202.0, 195.0, 202.0, 191.0, 203.0, 198.0, 205.0, 202.0, ]
[23.0, 9.0, 0.0, 11.0, 25.0, 33.0, 44.0, 54.0, 62.0, 18.0, 11.0, 7.0, 19.0, 20.0, 35.0, 45.0, 58.0, 65.0, 41.0, 29.0, 35.0, 32.0, 36.0, 46.0, 51.0, 61.0, 74.0, 58.0, 61.0, 52.0, 54.0, 64.0, 66.0, 74.0, 73.0, 84.0, 65.0, 77.0, 80.0, 79.0, 73.0, 78.0, 78.0, 85.0, 99.0, 93.0, 94.0, 84.0, 102.0, 92.0, 98.0, 102.0, 107.0, 112.0, 108.0, 116.0, 111.0, 114.0, 120.0, 109.0, 123.0, 126.0, 128.0, 130.0, 129.0, 135.0, 138.0, 141.0, 140.0, 139.0, 142.0, 145.0, 160.0, 144.0, 151.0, 159.0, 156.0, 151.0, 161.0, 151.0, 157.0, 178.0, 178.0, 171.0, 170.0, 178.0, 179.0, 174.0, 183.0, 186.0, 194.0, 199.0, 192.0, 198.0, 186.0, 198.0, 193.0, 199.0, 196.0, ]
[28.0, 18.0, 11.0, 0.0, 15.0, 24.0, 34.0, 44.0, 53.0, 28.0, 21.0, 16.0, 23.0, 15.0, 32.0, 40.0, 52.0, 59.0, 51.0, 38.0, 41.0, 37.0, 37.0, 46.0, 49.0, 59.0, 70.0, 67.0, 68.0, 59.0, 59.0, 68.0, 68.0, 75.0, 71.0, 81.0, 74.0, 85.0, 86.0, 85.0, 77.0, 81.0, 79.0, 84.0, 99.0, 101.0, 101.0, 90.0, 107.0, 96.0, 101.0, 104.0, 109.0, 112.0, 116.0, 123.0, 117.0, 119.0, 125.0, 113.0, 127.0, 128.0, 129.0, 138.0, 136.0, 141.0, 143.0, 146.0, 144.0, 143.0, 145.0, 147.0, 167.0, 151.0, 157.0, 165.0, 161.0, 155.0, 165.0, 154.0, 159.0, 186.0, 185.0, 177.0, 175.0, 183.0, 184.0, 179.0, 186.0, 189.0, 201.0, 206.0, 198.0, 204.0, 192.0, 203.0, 197.0, 203.0, 199.0, ]
[43.0, 33.0, 25.0, 15.0, 0.0, 9.0, 19.0, 29.0, 38.0, 43.0, 34.0, 28.0, 28.0, 12.0, 24.0, 29.0, 40.0, 45.0, 61.0, 48.0, 46.0, 40.0, 34.0, 41.0, 41.0, 51.0, 60.0, 74.0, 74.0, 64.0, 61.0, 67.0, 65.0, 69.0, 63.0, 72.0, 80.0, 89.0, 89.0, 86.0, 76.0, 78.0, 75.0, 77.0, 93.0, 106.0, 105.0, 93.0, 107.0, 95.0, 99.0, 100.0, 104.0, 106.0, 121.0, 126.0, 120.0, 120.0, 125.0, 111.0, 124.0, 124.0, 123.0, 142.0, 139.0, 143.0, 143.0, 146.0, 142.0, 140.0, 141.0, 142.0, 171.0, 154.0, 159.0, 166.0, 160.0, 154.0, 163.0, 151.0, 155.0, 189.0, 187.0, 178.0, 175.0, 183.0, 182.0, 177.0, 183.0, 186.0, 203.0, 208.0, 200.0, 204.0, 191.0, 201.0, 195.0, 200.0, 196.0, ]
[52.0, 42.0, 33.0, 24.0, 9.0, 0.0, 11.0, 20.0, 29.0, 51.0, 42.0, 36.0, 33.0, 17.0, 21.0, 23.0, 33.0, 37.0, 67.0, 54.0, 49.0, 42.0, 34.0, 38.0, 37.0, 45.0, 52.0, 79.0, 77.0, 66.0, 61.0, 67.0, 63.0, 66.0, 57.0, 66.0, 84.0, 90.0, 90.0, 87.0, 75.0, 75.0, 71.0, 72.0, 88.0, 108.0, 107.0, 94.0, 107.0, 94.0, 96.0, 97.0, 100.0, 101.0, 123.0, 126.0, 120.0, 119.0, 124.0, 109.0, 121.0, 121.0, 119.0, 143.0, 139.0, 143.0, 142.0, 145.0, 140.0, 137.0, 138.0, 138.0, 171.0, 154.0, 158.0, 164.0, 158.0, 152.0, 160.0, 148.0, 151.0, 189.0, 187.0, 177.0, 174.0, 181.0, 180.0, 174.0, 180.0, 182.0, 203.0, 208.0, 199.0, 203.0, 189.0, 199.0, 192.0, 197.0, 192.0, ]
[61.0, 52.0, 44.0, 34.0, 19.0, 11.0, 0.0, 10.0, 20.0, 62.0, 52.0, 46.0, 43.0, 27.0, 28.0, 26.0, 31.0, 32.0, 77.0, 65.0, 58.0, 52.0, 41.0, 44.0, 40.0, 47.0, 51.0, 88.0, 86.0, 75.0, 69.0, 73.0, 68.0, 69.0, 58.0, 66.0, 93.0, 99.0, 97.0, 94.0, 82.0, 80.0, 75.0, 74.0, 89.0, 117.0, 115.0, 101.0, 113.0, 99.0, 100.0, 100.0, 103.0, 102.0, 131.0, 134.0, 127.0, 125.0, 129.0, 114.0, 125.0, 124.0, 121.0, 151.0, 146.0, 149.0, 148.0, 150.0, 144.0, 141.0, 141.0, 140.0, 178.0, 161.0, 164.0, 170.0, 163.0, 157.0, 164.0, 151.0, 153.0, 196.0, 193.0, 183.0, 179.0, 186.0, 184.0, 178.0, 183.0, 185.0, 209.0, 214.0, 205.0, 209.0, 194.0, 203.0, 196.0, 200.0, 195.0, ]
[71.0, 62.0, 54.0, 44.0, 29.0, 20.0, 10.0, 0.0, 10.0, 72.0, 62.0, 56.0, 51.0, 36.0, 33.0, 29.0, 29.0, 27.0, 86.0, 73.0, 65.0, 59.0, 47.0, 47.0, 42.0, 47.0, 48.0, 96.0, 92.0, 81.0, 75.0, 77.0, 71.0, 70.0, 57.0, 64.0, 100.0, 104.0, 102.0, 98.0, 85.0, 81.0, 76.0, 73.0, 88.0, 122.0, 120.0, 106.0, 116.0, 102.0, 102.0, 100.0, 103.0, 101.0, 136.0, 138.0, 131.0, 128.0, 132.0, 116.0, 126.0, 124.0, 119.0, 155.0, 150.0, 152.0, 150.0, 152.0, 145.0, 141.0, 141.0, 139.0, 182.0, 165.0, 167.0, 172.0, 165.0, 158.0, 164.0, 151.0, 152.0, 200.0, 196.0, 186.0, 181.0, 188.0, 185.0, 179.0, 183.0, 184.0, 213.0, 217.0, 207.0, 210.0, 195.0, 204.0, 196.0, 200.0, 194.0, ]
[81.0, 71.0, 62.0, 53.0, 38.0, 29.0, 20.0, 10.0, 0.0, 80.0, 70.0, 64.0, 58.0, 44.0, 37.0, 30.0, 25.0, 20.0, 91.0, 79.0, 69.0, 63.0, 50.0, 48.0, 41.0, 45.0, 42.0, 100.0, 95.0, 84.0, 76.0, 78.0, 70.0, 67.0, 53.0, 58.0, 103.0, 106.0, 102.0, 98.0, 85.0, 79.0, 73.0, 68.0, 83.0, 124.0, 121.0, 106.0, 115.0, 100.0, 99.0, 97.0, 99.0, 95.0, 138.0, 138.0, 130.0, 126.0, 130.0, 113.0, 122.0, 120.0, 114.0, 156.0, 149.0, 151.0, 148.0, 150.0, 142.0, 137.0, 137.0, 134.0, 181.0, 164.0, 166.0, 170.0, 162.0, 154.0, 160.0, 147.0, 147.0, 199.0, 195.0, 183.0, 179.0, 184.0, 181.0, 175.0, 178.0, 179.0, 211.0, 215.0, 205.0, 208.0, 192.0, 200.0, 192.0, 195.0, 189.0, ]
[17.0, 11.0, 18.0, 28.0, 43.0, 51.0, 62.0, 72.0, 80.0, 0.0, 12.0, 17.0, 30.0, 37.0, 51.0, 61.0, 74.0, 82.0, 32.0, 24.0, 39.0, 39.0, 48.0, 58.0, 65.0, 74.0, 89.0, 51.0, 58.0, 52.0, 57.0, 68.0, 74.0, 83.0, 85.0, 96.0, 60.0, 75.0, 80.0, 80.0, 77.0, 85.0, 86.0, 95.0, 109.0, 88.0, 90.0, 83.0, 103.0, 95.0, 103.0, 108.0, 114.0, 121.0, 103.0, 114.0, 109.0, 114.0, 121.0, 112.0, 127.0, 131.0, 135.0, 125.0, 126.0, 133.0, 138.0, 142.0, 142.0, 143.0, 146.0, 151.0, 156.0, 141.0, 149.0, 159.0, 156.0, 153.0, 164.0, 155.0, 162.0, 174.0, 175.0, 169.0, 169.0, 179.0, 180.0, 176.0, 186.0, 190.0, 190.0, 196.0, 190.0, 197.0, 187.0, 199.0, 194.0, 202.0, 199.0, ]
[25.0, 11.0, 11.0, 21.0, 34.0, 42.0, 52.0, 62.0, 70.0, 12.0, 0.0, 6.0, 17.0, 26.0, 39.0, 49.0, 62.0, 71.0, 30.0, 19.0, 29.0, 28.0, 36.0, 46.0, 53.0, 62.0, 77.0, 48.0, 52.0, 44.0, 48.0, 59.0, 63.0, 72.0, 73.0, 84.0, 56.0, 69.0, 73.0, 73.0, 67.0, 75.0, 75.0, 83.0, 98.0, 84.0, 85.0, 76.0, 95.0, 86.0, 93.0, 98.0, 104.0, 110.0, 99.0, 108.0, 103.0, 107.0, 114.0, 103.0, 118.0, 121.0, 125.0, 121.0, 121.0, 127.0, 131.0, 134.0, 134.0, 134.0, 137.0, 141.0, 151.0, 136.0, 143.0, 152.0, 149.0, 145.0, 156.0, 146.0, 153.0, 170.0, 170.0, 163.0, 162.0, 171.0, 173.0, 168.0, 177.0, 181.0, 185.0, 191.0, 184.0, 191.0, 180.0, 191.0, 187.0, 194.0, 191.0, ]
[27.0, 13.0, 7.0, 16.0, 28.0, 36.0, 46.0, 56.0, 64.0, 17.0, 6.0, 0.0, 13.0, 20.0, 34.0, 43.0, 57.0, 65.0, 34.0, 22.0, 28.0, 26.0, 32.0, 42.0, 48.0, 58.0, 72.0, 51.0, 54.0, 45.0, 47.0, 57.0, 61.0, 69.0, 69.0, 80.0, 58.0, 70.0, 73.0, 73.0, 66.0, 72.0, 73.0, 80.0, 94.0, 86.0, 87.0, 77.0, 95.0, 85.0, 92.0, 96.0, 102.0, 107.0, 101.0, 109.0, 104.0, 107.0, 114.0, 102.0, 117.0, 120.0, 122.0, 123.0, 122.0, 128.0, 131.0, 134.0, 133.0, 133.0, 136.0, 139.0, 153.0, 137.0, 144.0, 152.0, 149.0, 144.0, 155.0, 145.0, 151.0, 171.0, 171.0, 164.0, 163.0, 172.0, 172.0, 168.0, 176.0, 180.0, 187.0, 192.0, 185.0, 191.0, 180.0, 191.0, 186.0, 193.0, 189.0, ]
[40.0, 26.0, 19.0, 23.0, 28.0, 33.0, 43.0, 51.0, 58.0, 30.0, 17.0, 13.0, 0.0, 16.0, 23.0, 33.0, 46.0, 55.0, 34.0, 22.0, 18.0, 14.0, 19.0, 29.0, 35.0, 45.0, 59.0, 46.0, 46.0, 36.0, 36.0, 45.0, 47.0, 56.0, 56.0, 67.0, 52.0, 62.0, 63.0, 62.0, 54.0, 60.0, 59.0, 66.0, 81.0, 79.0, 78.0, 67.0, 84.0, 73.0, 79.0, 83.0, 89.0, 94.0, 94.0, 100.0, 94.0, 96.0, 102.0, 90.0, 105.0, 107.0, 109.0, 115.0, 113.0, 118.0, 120.0, 123.0, 122.0, 121.0, 123.0, 126.0, 145.0, 128.0, 134.0, 142.0, 138.0, 133.0, 143.0, 133.0, 138.0, 163.0, 162.0, 154.0, 152.0, 161.0, 161.0, 156.0, 164.0, 168.0, 178.0, 183.0, 175.0, 181.0, 169.0, 180.0, 174.0, 181.0, 177.0, ]
[42.0, 29.0, 20.0, 15.0, 12.0, 17.0, 27.0, 36.0, 44.0, 37.0, 26.0, 20.0, 16.0, 0.0, 17.0, 26.0, 38.0, 46.0, 50.0, 37.0, 34.0, 28.0, 23.0, 31.0, 34.0, 44.0, 56.0, 63.0, 62.0, 51.0, 49.0, 56.0, 55.0, 61.0, 56.0, 67.0, 68.0, 77.0, 77.0, 75.0, 65.0, 67.0, 65.0, 69.0, 85.0, 94.0, 93.0, 81.0, 96.0, 84.0, 88.0, 90.0, 95.0, 98.0, 109.0, 114.0, 108.0, 108.0, 114.0, 100.0, 114.0, 115.0, 115.0, 130.0, 127.0, 131.0, 132.0, 135.0, 132.0, 130.0, 131.0, 133.0, 159.0, 142.0, 147.0, 154.0, 149.0, 143.0, 153.0, 141.0, 145.0, 177.0, 175.0, 167.0, 164.0, 172.0, 172.0, 166.0, 173.0, 176.0, 191.0, 196.0, 188.0, 193.0, 180.0, 191.0, 184.0, 190.0, 186.0, ]
[58.0, 45.0, 35.0, 32.0, 24.0, 21.0, 28.0, 33.0, 37.0, 51.0, 39.0, 34.0, 23.0, 17.0, 0.0, 10.0, 23.0, 32.0, 55.0, 44.0, 32.0, 26.0, 14.0, 17.0, 17.0, 27.0, 39.0, 63.0, 59.0, 48.0, 42.0, 46.0, 42.0, 45.0, 39.0, 50.0, 66.0, 71.0, 69.0, 66.0, 54.0, 54.0, 51.0, 53.0, 69.0, 89.0, 87.0, 73.0, 86.0, 73.0, 75.0, 76.0, 80.0, 82.0, 104.0, 106.0, 99.0, 98.0, 103.0, 88.0, 100.0, 100.0, 99.0, 123.0, 119.0, 122.0, 121.0, 124.0, 119.0, 117.0, 117.0, 118.0, 151.0, 134.0, 137.0, 143.0, 137.0, 131.0, 139.0, 127.0, 131.0, 169.0, 166.0, 156.0, 153.0, 160.0, 159.0, 153.0, 160.0, 162.0, 182.0, 187.0, 178.0, 182.0, 168.0, 178.0, 171.0, 177.0, 172.0, ]
[67.0, 54.0, 45.0, 40.0, 29.0, 23.0, 26.0, 29.0, 30.0, 61.0, 49.0, 43.0, 33.0, 26.0, 10.0, 0.0, 13.0, 22.0, 64.0, 54.0, 41.0, 35.0, 21.0, 19.0, 14.0, 22.0, 30.0, 71.0, 65.0, 55.0, 47.0, 49.0, 42.0, 43.0, 34.0, 43.0, 73.0, 76.0, 73.0, 69.0, 56.0, 54.0, 49.0, 49.0, 65.0, 94.0, 91.0, 77.0, 87.0, 73.0, 74.0, 74.0, 78.0, 77.0, 108.0, 109.0, 102.0, 99.0, 104.0, 88.0, 99.0, 98.0, 96.0, 127.0, 121.0, 124.0, 122.0, 124.0, 118.0, 115.0, 115.0, 115.0, 153.0, 136.0, 139.0, 144.0, 137.0, 130.0, 138.0, 125.0, 128.0, 171.0, 168.0, 157.0, 153.0, 160.0, 158.0, 152.0, 157.0, 159.0, 184.0, 189.0, 179.0, 183.0, 168.0, 177.0, 170.0, 174.0, 169.0, ]
[80.0, 67.0, 58.0, 52.0, 40.0, 33.0, 31.0, 29.0, 25.0, 74.0, 62.0, 57.0, 46.0, 38.0, 23.0, 13.0, 0.0, 10.0, 76.0, 66.0, 52.0, 46.0, 32.0, 26.0, 18.0, 19.0, 20.0, 81.0, 74.0, 64.0, 54.0, 54.0, 45.0, 42.0, 28.0, 35.0, 82.0, 83.0, 79.0, 74.0, 60.0, 54.0, 48.0, 44.0, 59.0, 101.0, 97.0, 82.0, 89.0, 75.0, 74.0, 72.0, 74.0, 72.0, 114.0, 113.0, 105.0, 101.0, 104.0, 88.0, 97.0, 95.0, 90.0, 131.0, 125.0, 126.0, 123.0, 124.0, 117.0, 113.0, 112.0, 110.0, 156.0, 139.0, 140.0, 145.0, 137.0, 129.0, 136.0, 122.0, 123.0, 174.0, 170.0, 158.0, 153.0, 159.0, 156.0, 150.0, 154.0, 155.0, 186.0, 190.0, 180.0, 182.0, 167.0, 175.0, 167.0, 171.0, 165.0, ]
[87.0, 75.0, 65.0, 59.0, 45.0, 37.0, 32.0, 27.0, 20.0, 82.0, 71.0, 65.0, 55.0, 46.0, 32.0, 22.0, 10.0, 0.0, 86.0, 76.0, 62.0, 56.0, 41.0, 36.0, 27.0, 27.0, 22.0, 91.0, 84.0, 74.0, 64.0, 63.0, 53.0, 49.0, 33.0, 38.0, 92.0, 92.0, 88.0, 83.0, 69.0, 62.0, 55.0, 49.0, 63.0, 110.0, 106.0, 91.0, 97.0, 83.0, 80.0, 78.0, 79.0, 75.0, 123.0, 121.0, 114.0, 109.0, 111.0, 94.0, 103.0, 100.0, 94.0, 140.0, 133.0, 133.0, 130.0, 131.0, 123.0, 118.0, 117.0, 114.0, 164.0, 147.0, 148.0, 151.0, 143.0, 135.0, 141.0, 127.0, 127.0, 181.0, 177.0, 165.0, 160.0, 165.0, 162.0, 155.0, 158.0, 159.0, 193.0, 197.0, 187.0, 189.0, 173.0, 180.0, 172.0, 175.0, 169.0, ]
[49.0, 40.0, 41.0, 51.0, 61.0, 67.0, 77.0, 86.0, 91.0, 32.0, 30.0, 34.0, 34.0, 50.0, 55.0, 64.0, 76.0, 86.0, 0.0, 13.0, 25.0, 30.0, 45.0, 52.0, 61.0, 68.0, 84.0, 19.0, 28.0, 25.0, 36.0, 47.0, 56.0, 68.0, 76.0, 86.0, 28.0, 44.0, 51.0, 53.0, 53.0, 65.0, 69.0, 81.0, 92.0, 56.0, 59.0, 54.0, 75.0, 69.0, 79.0, 86.0, 93.0, 102.0, 71.0, 82.0, 79.0, 85.0, 93.0, 86.0, 102.0, 106.0, 113.0, 93.0, 95.0, 102.0, 108.0, 112.0, 115.0, 117.0, 120.0, 127.0, 124.0, 109.0, 118.0, 128.0, 127.0, 124.0, 136.0, 129.0, 137.0, 142.0, 143.0, 138.0, 138.0, 148.0, 151.0, 148.0, 158.0, 163.0, 158.0, 164.0, 158.0, 166.0, 156.0, 169.0, 165.0, 174.0, 172.0, ]
[40.0, 29.0, 29.0, 38.0, 48.0, 54.0, 65.0, 73.0, 79.0, 24.0, 19.0, 22.0, 22.0, 37.0, 44.0, 54.0, 66.0, 76.0, 13.0, 0.0, 18.0, 22.0, 35.0, 44.0, 52.0, 60.0, 76.0, 29.0, 34.0, 28.0, 35.0, 46.0, 53.0, 64.0, 70.0, 80.0, 37.0, 51.0, 56.0, 57.0, 54.0, 64.0, 66.0, 77.0, 89.0, 65.0, 67.0, 59.0, 79.0, 72.0, 80.0, 86.0, 93.0, 101.0, 81.0, 90.0, 86.0, 90.0, 98.0, 89.0, 104.0, 108.0, 113.0, 102.0, 103.0, 110.0, 114.0, 118.0, 119.0, 120.0, 123.0, 128.0, 133.0, 118.0, 126.0, 135.0, 132.0, 129.0, 140.0, 132.0, 139.0, 151.0, 152.0, 146.0, 145.0, 155.0, 157.0, 153.0, 163.0, 167.0, 167.0, 173.0, 166.0, 173.0, 163.0, 175.0, 171.0, 179.0, 176.0, ]
[54.0, 40.0, 35.0, 41.0, 46.0, 49.0, 58.0, 65.0, 69.0, 39.0, 29.0, 28.0, 18.0, 34.0, 32.0, 41.0, 52.0, 62.0, 25.0, 18.0, 0.0, 6.0, 20.0, 27.0, 36.0, 43.0, 59.0, 31.0, 28.0, 18.0, 19.0, 30.0, 35.0, 46.0, 52.0, 62.0, 35.0, 43.0, 45.0, 44.0, 38.0, 46.0, 48.0, 58.0, 71.0, 61.0, 60.0, 49.0, 67.0, 57.0, 64.0, 69.0, 76.0, 83.0, 76.0, 82.0, 76.0, 78.0, 85.0, 74.0, 89.0, 92.0, 96.0, 97.0, 95.0, 100.0, 102.0, 106.0, 105.0, 105.0, 108.0, 112.0, 126.0, 110.0, 116.0, 124.0, 120.0, 116.0, 127.0, 117.0, 123.0, 144.0, 144.0, 136.0, 134.0, 143.0, 144.0, 139.0, 148.0, 152.0, 159.0, 165.0, 157.0, 163.0, 151.0, 163.0, 158.0, 165.0, 161.0, ]
[52.0, 38.0, 32.0, 37.0, 40.0, 42.0, 52.0, 59.0, 63.0, 39.0, 28.0, 26.0, 14.0, 28.0, 26.0, 35.0, 46.0, 56.0, 30.0, 22.0, 6.0, 0.0, 14.0, 22.0, 31.0, 39.0, 55.0, 37.0, 34.0, 24.0, 22.0, 31.0, 35.0, 45.0, 48.0, 59.0, 41.0, 49.0, 49.0, 48.0, 40.0, 47.0, 48.0, 56.0, 70.0, 66.0, 65.0, 54.0, 70.0, 59.0, 66.0, 70.0, 76.0, 82.0, 81.0, 86.0, 81.0, 82.0, 88.0, 77.0, 91.0, 94.0, 97.0, 102.0, 99.0, 104.0, 106.0, 109.0, 108.0, 107.0, 110.0, 113.0, 131.0, 115.0, 120.0, 128.0, 124.0, 119.0, 129.0, 119.0, 125.0, 149.0, 148.0, 140.0, 138.0, 147.0, 147.0, 142.0, 151.0, 154.0, 164.0, 169.0, 161.0, 167.0, 155.0, 166.0, 160.0, 167.0, 163.0, ]
[59.0, 45.0, 36.0, 37.0, 34.0, 34.0, 41.0, 47.0, 50.0, 48.0, 36.0, 32.0, 19.0, 23.0, 14.0, 21.0, 32.0, 41.0, 45.0, 35.0, 20.0, 14.0, 0.0, 10.0, 17.0, 26.0, 41.0, 50.0, 45.0, 35.0, 28.0, 33.0, 32.0, 38.0, 37.0, 48.0, 53.0, 57.0, 56.0, 53.0, 42.0, 44.0, 43.0, 48.0, 63.0, 76.0, 73.0, 60.0, 74.0, 61.0, 65.0, 67.0, 72.0, 76.0, 90.0, 93.0, 86.0, 86.0, 91.0, 77.0, 90.0, 91.0, 92.0, 110.0, 106.0, 109.0, 109.0, 112.0, 108.0, 107.0, 108.0, 110.0, 138.0, 121.0, 125.0, 132.0, 126.0, 120.0, 129.0, 118.0, 122.0, 156.0, 154.0, 144.0, 141.0, 149.0, 148.0, 143.0, 150.0, 153.0, 170.0, 175.0, 166.0, 170.0, 157.0, 167.0, 161.0, 167.0, 163.0, ]
[69.0, 54.0, 46.0, 46.0, 41.0, 38.0, 44.0, 47.0, 48.0, 58.0, 46.0, 42.0, 29.0, 31.0, 17.0, 19.0, 26.0, 36.0, 52.0, 44.0, 27.0, 22.0, 10.0, 0.0, 9.0, 17.0, 32.0, 55.0, 48.0, 38.0, 28.0, 30.0, 25.0, 29.0, 27.0, 38.0, 56.0, 57.0, 54.0, 51.0, 38.0, 37.0, 34.0, 39.0, 54.0, 76.0, 72.0, 58.0, 69.0, 56.0, 58.0, 59.0, 64.0, 67.0, 89.0, 90.0, 83.0, 81.0, 86.0, 71.0, 83.0, 84.0, 83.0, 108.0, 103.0, 105.0, 104.0, 107.0, 102.0, 100.0, 101.0, 102.0, 135.0, 118.0, 121.0, 127.0, 120.0, 114.0, 122.0, 110.0, 114.0, 153.0, 150.0, 140.0, 136.0, 143.0, 142.0, 136.0, 143.0, 145.0, 166.0, 171.0, 161.0, 165.0, 151.0, 161.0, 154.0, 160.0, 155.0, ]
[74.0, 60.0, 51.0, 49.0, 41.0, 37.0, 40.0, 42.0, 41.0, 65.0, 53.0, 48.0, 35.0, 34.0, 17.0, 14.0, 18.0, 27.0, 61.0, 52.0, 36.0, 31.0, 17.0, 9.0, 0.0, 10.0, 24.0, 64.0, 56.0, 47.0, 37.0, 36.0, 29.0, 29.0, 22.0, 33.0, 65.0, 65.0, 61.0, 57.0, 43.0, 40.0, 35.0, 36.0, 52.0, 83.0, 80.0, 65.0, 74.0, 60.0, 60.0, 60.0, 64.0, 65.0, 97.0, 96.0, 89.0, 86.0, 90.0, 74.0, 85.0, 84.0, 82.0, 114.0, 108.0, 110.0, 108.0, 110.0, 104.0, 101.0, 101.0, 101.0, 140.0, 123.0, 125.0, 130.0, 123.0, 116.0, 124.0, 111.0, 114.0, 158.0, 154.0, 144.0, 139.0, 146.0, 144.0, 138.0, 144.0, 146.0, 170.0, 175.0, 165.0, 169.0, 154.0, 163.0, 156.0, 161.0, 155.0, ]
[84.0, 70.0, 61.0, 59.0, 51.0, 45.0, 47.0, 47.0, 45.0, 74.0, 62.0, 58.0, 45.0, 44.0, 27.0, 22.0, 19.0, 27.0, 68.0, 60.0, 43.0, 39.0, 26.0, 17.0, 10.0, 0.0, 16.0, 69.0, 60.0, 51.0, 40.0, 36.0, 26.0, 23.0, 12.0, 23.0, 68.0, 66.0, 61.0, 56.0, 42.0, 35.0, 29.0, 27.0, 43.0, 84.0, 79.0, 64.0, 70.0, 56.0, 55.0, 53.0, 56.0, 56.0, 96.0, 94.0, 87.0, 82.0, 85.0, 68.0, 78.0, 77.0, 74.0, 113.0, 105.0, 106.0, 103.0, 105.0, 98.0, 94.0, 94.0, 93.0, 137.0, 120.0, 121.0, 125.0, 118.0, 110.0, 117.0, 104.0, 106.0, 154.0, 150.0, 139.0, 134.0, 140.0, 138.0, 131.0, 136.0, 138.0, 166.0, 171.0, 161.0, 163.0, 148.0, 157.0, 149.0, 153.0, 148.0, ]
[97.0, 83.0, 74.0, 70.0, 60.0, 52.0, 51.0, 48.0, 42.0, 89.0, 77.0, 72.0, 59.0, 56.0, 39.0, 30.0, 20.0, 22.0, 84.0, 76.0, 59.0, 55.0, 41.0, 32.0, 24.0, 16.0, 0.0, 84.0, 75.0, 66.0, 55.0, 50.0, 39.0, 30.0, 13.0, 16.0, 84.0, 80.0, 73.0, 68.0, 54.0, 44.0, 36.0, 28.0, 41.0, 97.0, 92.0, 77.0, 79.0, 65.0, 60.0, 57.0, 57.0, 53.0, 108.0, 104.0, 96.0, 90.0, 92.0, 74.0, 82.0, 78.0, 72.0, 123.0, 115.0, 114.0, 110.0, 111.0, 102.0, 96.0, 95.0, 92.0, 145.0, 128.0, 128.0, 131.0, 122.0, 114.0, 119.0, 105.0, 105.0, 162.0, 157.0, 145.0, 139.0, 144.0, 140.0, 133.0, 136.0, 137.0, 173.0, 177.0, 166.0, 168.0, 151.0, 159.0, 150.0, 153.0, 147.0, ]
[68.0, 58.0, 58.0, 67.0, 74.0, 79.0, 88.0, 96.0, 100.0, 51.0, 48.0, 51.0, 46.0, 63.0, 63.0, 71.0, 81.0, 91.0, 19.0, 29.0, 31.0, 37.0, 50.0, 55.0, 64.0, 69.0, 84.0, 0.0, 13.0, 18.0, 30.0, 39.0, 50.0, 62.0, 74.0, 83.0, 9.0, 26.0, 34.0, 38.0, 42.0, 56.0, 61.0, 75.0, 83.0, 37.0, 40.0, 37.0, 58.0, 55.0, 66.0, 74.0, 81.0, 92.0, 52.0, 63.0, 60.0, 67.0, 75.0, 71.0, 86.0, 92.0, 101.0, 74.0, 76.0, 84.0, 90.0, 94.0, 98.0, 100.0, 105.0, 112.0, 105.0, 90.0, 99.0, 109.0, 108.0, 106.0, 119.0, 113.0, 122.0, 123.0, 124.0, 119.0, 120.0, 130.0, 133.0, 130.0, 141.0, 146.0, 139.0, 145.0, 139.0, 147.0, 138.0, 151.0, 148.0, 157.0, 155.0, ]
[75.0, 63.0, 61.0, 68.0, 74.0, 77.0, 86.0, 92.0, 95.0, 58.0, 52.0, 54.0, 46.0, 62.0, 59.0, 65.0, 74.0, 84.0, 28.0, 34.0, 28.0, 34.0, 45.0, 48.0, 56.0, 60.0, 75.0, 13.0, 0.0, 11.0, 20.0, 27.0, 39.0, 51.0, 64.0, 72.0, 9.0, 17.0, 23.0, 25.0, 30.0, 43.0, 49.0, 63.0, 71.0, 33.0, 33.0, 26.0, 47.0, 42.0, 54.0, 61.0, 69.0, 80.0, 48.0, 56.0, 52.0, 57.0, 65.0, 59.0, 75.0, 80.0, 88.0, 69.0, 69.0, 76.0, 80.0, 84.0, 87.0, 89.0, 93.0, 100.0, 100.0, 84.0, 92.0, 101.0, 99.0, 96.0, 108.0, 101.0, 110.0, 118.0, 118.0, 112.0, 111.0, 121.0, 123.0, 120.0, 131.0, 135.0, 133.0, 139.0, 132.0, 139.0, 129.0, 142.0, 138.0, 146.0, 144.0, ]
[68.0, 55.0, 52.0, 59.0, 64.0, 66.0, 75.0, 81.0, 84.0, 52.0, 44.0, 45.0, 36.0, 51.0, 48.0, 55.0, 64.0, 74.0, 25.0, 28.0, 18.0, 24.0, 35.0, 38.0, 47.0, 51.0, 66.0, 18.0, 11.0, 0.0, 12.0, 22.0, 33.0, 45.0, 56.0, 65.0, 19.0, 25.0, 28.0, 29.0, 28.0, 40.0, 45.0, 57.0, 67.0, 43.0, 42.0, 32.0, 52.0, 44.0, 54.0, 60.0, 67.0, 77.0, 58.0, 64.0, 59.0, 63.0, 70.0, 61.0, 77.0, 81.0, 88.0, 79.0, 77.0, 83.0, 86.0, 90.0, 91.0, 92.0, 96.0, 102.0, 108.0, 92.0, 99.0, 108.0, 105.0, 101.0, 113.0, 104.0, 112.0, 127.0, 126.0, 119.0, 118.0, 127.0, 129.0, 125.0, 135.0, 139.0, 142.0, 147.0, 140.0, 146.0, 135.0, 147.0, 143.0, 151.0, 148.0, ]
[73.0, 59.0, 54.0, 59.0, 61.0, 61.0, 69.0, 75.0, 76.0, 57.0, 48.0, 47.0, 36.0, 49.0, 42.0, 47.0, 54.0, 64.0, 36.0, 35.0, 19.0, 22.0, 28.0, 28.0, 37.0, 40.0, 55.0, 30.0, 20.0, 12.0, 0.0, 11.0, 21.0, 33.0, 44.0, 53.0, 29.0, 29.0, 28.0, 26.0, 19.0, 29.0, 33.0, 46.0, 56.0, 48.0, 45.0, 32.0, 48.0, 38.0, 46.0, 51.0, 58.0, 67.0, 62.0, 65.0, 59.0, 60.0, 66.0, 55.0, 70.0, 74.0, 79.0, 82.0, 78.0, 82.0, 84.0, 87.0, 86.0, 86.0, 89.0, 94.0, 110.0, 93.0, 98.0, 106.0, 102.0, 97.0, 108.0, 98.0, 105.0, 128.0, 127.0, 118.0, 116.0, 125.0, 125.0, 121.0, 129.0, 133.0, 142.0, 148.0, 140.0, 145.0, 133.0, 144.0, 139.0, 146.0, 142.0, ]
[83.0, 69.0, 64.0, 68.0, 67.0, 67.0, 73.0, 77.0, 78.0, 68.0, 59.0, 57.0, 45.0, 56.0, 46.0, 49.0, 54.0, 63.0, 47.0, 46.0, 30.0, 31.0, 33.0, 30.0, 36.0, 36.0, 50.0, 39.0, 27.0, 22.0, 11.0, 0.0, 12.0, 24.0, 38.0, 45.0, 35.0, 30.0, 25.0, 21.0, 9.0, 18.0, 23.0, 36.0, 45.0, 48.0, 43.0, 29.0, 40.0, 28.0, 35.0, 40.0, 47.0, 55.0, 60.0, 60.0, 53.0, 52.0, 58.0, 45.0, 60.0, 63.0, 67.0, 78.0, 73.0, 76.0, 76.0, 79.0, 76.0, 76.0, 78.0, 83.0, 105.0, 88.0, 92.0, 98.0, 93.0, 88.0, 98.0, 88.0, 94.0, 123.0, 120.0, 111.0, 108.0, 116.0, 116.0, 111.0, 119.0, 123.0, 136.0, 141.0, 133.0, 137.0, 124.0, 135.0, 129.0, 136.0, 132.0, ]
[87.0, 73.0, 66.0, 68.0, 65.0, 63.0, 68.0, 71.0, 70.0, 74.0, 63.0, 61.0, 47.0, 55.0, 42.0, 42.0, 45.0, 53.0, 56.0, 53.0, 35.0, 35.0, 32.0, 25.0, 29.0, 26.0, 39.0, 50.0, 39.0, 33.0, 21.0, 12.0, 0.0, 12.0, 26.0, 33.0, 47.0, 41.0, 35.0, 30.0, 16.0, 12.0, 13.0, 25.0, 36.0, 59.0, 53.0, 38.0, 45.0, 31.0, 33.0, 35.0, 41.0, 47.0, 70.0, 68.0, 61.0, 57.0, 61.0, 46.0, 59.0, 60.0, 62.0, 86.0, 80.0, 81.0, 80.0, 82.0, 77.0, 75.0, 76.0, 79.0, 111.0, 94.0, 96.0, 102.0, 95.0, 89.0, 98.0, 86.0, 91.0, 129.0, 126.0, 115.0, 111.0, 118.0, 117.0, 111.0, 118.0, 121.0, 142.0, 146.0, 137.0, 140.0, 126.0, 136.0, 130.0, 135.0, 131.0, ]
[96.0, 82.0, 74.0, 75.0, 69.0, 66.0, 69.0, 70.0, 67.0, 83.0, 72.0, 69.0, 56.0, 61.0, 45.0, 43.0, 42.0, 49.0, 68.0, 64.0, 46.0, 45.0, 38.0, 29.0, 29.0, 23.0, 30.0, 62.0, 51.0, 45.0, 33.0, 24.0, 12.0, 0.0, 17.0, 22.0, 59.0, 52.0, 44.0, 38.0, 25.0, 13.0, 6.0, 13.0, 25.0, 68.0, 62.0, 47.0, 49.0, 34.0, 32.0, 31.0, 35.0, 38.0, 78.0, 74.0, 66.0, 60.0, 63.0, 46.0, 56.0, 55.0, 54.0, 93.0, 84.0, 85.0, 81.0, 83.0, 76.0, 72.0, 72.0, 73.0, 115.0, 98.0, 99.0, 103.0, 95.0, 88.0, 95.0, 82.0, 85.0, 132.0, 128.0, 116.0, 112.0, 118.0, 115.0, 109.0, 115.0, 117.0, 144.0, 148.0, 138.0, 141.0, 125.0, 134.0, 127.0, 132.0, 126.0, ]
[96.0, 82.0, 73.0, 71.0, 63.0, 57.0, 58.0, 57.0, 53.0, 85.0, 73.0, 69.0, 56.0, 56.0, 39.0, 34.0, 28.0, 33.0, 76.0, 70.0, 52.0, 48.0, 37.0, 27.0, 22.0, 12.0, 13.0, 74.0, 64.0, 56.0, 44.0, 38.0, 26.0, 17.0, 0.0, 11.0, 72.0, 67.0, 61.0, 55.0, 41.0, 30.0, 23.0, 16.0, 31.0, 84.0, 78.0, 64.0, 66.0, 51.0, 47.0, 44.0, 46.0, 44.0, 95.0, 91.0, 83.0, 77.0, 79.0, 61.0, 70.0, 67.0, 63.0, 110.0, 101.0, 101.0, 97.0, 98.0, 89.0, 85.0, 84.0, 82.0, 132.0, 115.0, 115.0, 118.0, 110.0, 102.0, 108.0, 94.0, 95.0, 149.0, 144.0, 132.0, 126.0, 132.0, 129.0, 122.0, 126.0, 127.0, 160.0, 164.0, 154.0, 155.0, 139.0, 147.0, 140.0, 143.0, 137.0, ]
[106.0, 92.0, 84.0, 81.0, 72.0, 66.0, 66.0, 64.0, 58.0, 96.0, 84.0, 80.0, 67.0, 67.0, 50.0, 43.0, 35.0, 38.0, 86.0, 80.0, 62.0, 59.0, 48.0, 38.0, 33.0, 23.0, 16.0, 83.0, 72.0, 65.0, 53.0, 45.0, 33.0, 22.0, 11.0, 0.0, 80.0, 73.0, 66.0, 60.0, 46.0, 34.0, 26.0, 13.0, 25.0, 90.0, 83.0, 68.0, 67.0, 53.0, 47.0, 42.0, 42.0, 37.0, 99.0, 93.0, 85.0, 77.0, 78.0, 60.0, 66.0, 63.0, 56.0, 112.0, 103.0, 101.0, 96.0, 96.0, 86.0, 81.0, 79.0, 76.0, 132.0, 116.0, 114.0, 116.0, 107.0, 99.0, 103.0, 89.0, 89.0, 149.0, 143.0, 130.0, 124.0, 129.0, 125.0, 117.0, 120.0, 121.0, 159.0, 162.0, 152.0, 153.0, 136.0, 143.0, 135.0, 137.0, 131.0, ]
[77.0, 66.0, 65.0, 74.0, 80.0, 84.0, 93.0, 100.0, 103.0, 60.0, 56.0, 58.0, 52.0, 68.0, 66.0, 73.0, 82.0, 92.0, 28.0, 37.0, 35.0, 41.0, 53.0, 56.0, 65.0, 68.0, 84.0, 9.0, 9.0, 19.0, 29.0, 35.0, 47.0, 59.0, 72.0, 80.0, 0.0, 17.0, 25.0, 30.0, 37.0, 51.0, 57.0, 71.0, 78.0, 28.0, 31.0, 28.0, 49.0, 47.0, 59.0, 67.0, 74.0, 86.0, 43.0, 54.0, 51.0, 58.0, 66.0, 62.0, 78.0, 84.0, 93.0, 65.0, 67.0, 74.0, 80.0, 85.0, 88.0, 92.0, 96.0, 104.0, 96.0, 81.0, 90.0, 100.0, 99.0, 97.0, 110.0, 104.0, 113.0, 114.0, 115.0, 110.0, 110.0, 120.0, 124.0, 121.0, 132.0, 137.0, 130.0, 136.0, 130.0, 138.0, 128.0, 142.0, 138.0, 147.0, 146.0, ]
[92.0, 80.0, 77.0, 85.0, 89.0, 90.0, 99.0, 104.0, 106.0, 75.0, 69.0, 70.0, 62.0, 77.0, 71.0, 76.0, 83.0, 92.0, 44.0, 51.0, 43.0, 49.0, 57.0, 57.0, 65.0, 66.0, 80.0, 26.0, 17.0, 25.0, 29.0, 30.0, 41.0, 52.0, 67.0, 73.0, 17.0, 0.0, 9.0, 15.0, 27.0, 40.0, 48.0, 62.0, 66.0, 18.0, 16.0, 11.0, 32.0, 31.0, 44.0, 52.0, 60.0, 73.0, 33.0, 39.0, 35.0, 41.0, 49.0, 46.0, 61.0, 67.0, 78.0, 53.0, 52.0, 59.0, 64.0, 68.0, 71.0, 74.0, 79.0, 88.0, 83.0, 67.0, 74.0, 84.0, 82.0, 80.0, 92.0, 87.0, 96.0, 101.0, 101.0, 95.0, 94.0, 104.0, 107.0, 104.0, 115.0, 120.0, 116.0, 122.0, 115.0, 122.0, 112.0, 125.0, 121.0, 130.0, 128.0, ]
[96.0, 84.0, 80.0, 86.0, 89.0, 90.0, 97.0, 102.0, 102.0, 80.0, 73.0, 73.0, 63.0, 77.0, 69.0, 73.0, 79.0, 88.0, 51.0, 56.0, 45.0, 49.0, 56.0, 54.0, 61.0, 61.0, 73.0, 34.0, 23.0, 28.0, 28.0, 25.0, 35.0, 44.0, 61.0, 66.0, 25.0, 9.0, 0.0, 6.0, 20.0, 32.0, 40.0, 54.0, 57.0, 24.0, 18.0, 4.0, 24.0, 22.0, 34.0, 43.0, 50.0, 63.0, 35.0, 37.0, 31.0, 34.0, 42.0, 37.0, 52.0, 58.0, 68.0, 54.0, 50.0, 55.0, 58.0, 62.0, 64.0, 66.0, 71.0, 79.0, 82.0, 65.0, 71.0, 80.0, 77.0, 74.0, 85.0, 79.0, 88.0, 100.0, 99.0, 91.0, 90.0, 99.0, 101.0, 97.0, 108.0, 113.0, 114.0, 120.0, 112.0, 118.0, 107.0, 119.0, 115.0, 123.0, 121.0, ]
[97.0, 84.0, 79.0, 85.0, 86.0, 87.0, 94.0, 98.0, 98.0, 80.0, 73.0, 73.0, 62.0, 75.0, 66.0, 69.0, 74.0, 83.0, 53.0, 57.0, 44.0, 48.0, 53.0, 51.0, 57.0, 56.0, 68.0, 38.0, 25.0, 29.0, 26.0, 21.0, 30.0, 38.0, 55.0, 60.0, 30.0, 15.0, 6.0, 0.0, 14.0, 26.0, 34.0, 48.0, 51.0, 30.0, 24.0, 9.0, 23.0, 17.0, 29.0, 37.0, 45.0, 57.0, 40.0, 40.0, 33.0, 34.0, 41.0, 33.0, 49.0, 54.0, 64.0, 57.0, 52.0, 56.0, 58.0, 62.0, 62.0, 64.0, 68.0, 75.0, 84.0, 68.0, 72.0, 80.0, 76.0, 72.0, 84.0, 76.0, 85.0, 102.0, 101.0, 92.0, 90.0, 99.0, 100.0, 96.0, 106.0, 111.0, 116.0, 122.0, 113.0, 119.0, 107.0, 119.0, 114.0, 122.0, 119.0, ]
[92.0, 78.0, 73.0, 77.0, 76.0, 75.0, 82.0, 85.0, 85.0, 77.0, 67.0, 66.0, 54.0, 65.0, 54.0, 56.0, 60.0, 69.0, 53.0, 54.0, 38.0, 40.0, 42.0, 38.0, 43.0, 42.0, 54.0, 42.0, 30.0, 28.0, 19.0, 9.0, 16.0, 25.0, 41.0, 46.0, 37.0, 27.0, 20.0, 14.0, 0.0, 14.0, 21.0, 35.0, 41.0, 43.0, 38.0, 23.0, 31.0, 19.0, 27.0, 33.0, 40.0, 50.0, 55.0, 53.0, 46.0, 44.0, 49.0, 36.0, 51.0, 54.0, 60.0, 71.0, 65.0, 67.0, 67.0, 70.0, 67.0, 67.0, 70.0, 75.0, 97.0, 80.0, 83.0, 89.0, 84.0, 79.0, 89.0, 79.0, 86.0, 115.0, 112.0, 102.0, 99.0, 107.0, 107.0, 102.0, 110.0, 114.0, 128.0, 133.0, 124.0, 128.0, 115.0, 126.0, 120.0, 127.0, 123.0, ]
[99.0, 85.0, 78.0, 81.0, 78.0, 75.0, 80.0, 81.0, 79.0, 85.0, 75.0, 72.0, 60.0, 67.0, 54.0, 54.0, 54.0, 62.0, 65.0, 64.0, 46.0, 47.0, 44.0, 37.0, 40.0, 35.0, 44.0, 56.0, 43.0, 40.0, 29.0, 18.0, 12.0, 13.0, 30.0, 34.0, 51.0, 40.0, 32.0, 26.0, 14.0, 0.0, 8.0, 22.0, 28.0, 56.0, 49.0, 35.0, 36.0, 21.0, 21.0, 23.0, 29.0, 37.0, 65.0, 60.0, 52.0, 47.0, 50.0, 34.0, 46.0, 47.0, 50.0, 79.0, 71.0, 72.0, 69.0, 71.0, 65.0, 63.0, 64.0, 67.0, 102.0, 85.0, 86.0, 91.0, 84.0, 77.0, 85.0, 74.0, 79.0, 119.0, 115.0, 104.0, 100.0, 107.0, 105.0, 99.0, 106.0, 109.0, 131.0, 136.0, 126.0, 129.0, 114.0, 124.0, 117.0, 123.0, 118.0, ]
[100.0, 85.0, 78.0, 79.0, 75.0, 71.0, 75.0, 76.0, 73.0, 86.0, 75.0, 73.0, 59.0, 65.0, 51.0, 49.0, 48.0, 55.0, 69.0, 66.0, 48.0, 48.0, 43.0, 34.0, 35.0, 29.0, 36.0, 61.0, 49.0, 45.0, 33.0, 23.0, 13.0, 6.0, 23.0, 26.0, 57.0, 48.0, 40.0, 34.0, 21.0, 8.0, 0.0, 14.0, 23.0, 64.0, 57.0, 43.0, 43.0, 28.0, 26.0, 25.0, 30.0, 35.0, 73.0, 68.0, 60.0, 54.0, 56.0, 40.0, 50.0, 50.0, 50.0, 87.0, 78.0, 78.0, 75.0, 76.0, 69.0, 66.0, 67.0, 68.0, 109.0, 92.0, 93.0, 96.0, 89.0, 82.0, 89.0, 77.0, 80.0, 126.0, 122.0, 110.0, 105.0, 111.0, 109.0, 103.0, 109.0, 111.0, 138.0, 142.0, 132.0, 134.0, 119.0, 128.0, 121.0, 126.0, 121.0, ]
[107.0, 93.0, 85.0, 84.0, 77.0, 72.0, 74.0, 73.0, 68.0, 95.0, 83.0, 80.0, 66.0, 69.0, 53.0, 49.0, 44.0, 49.0, 81.0, 77.0, 58.0, 56.0, 48.0, 39.0, 36.0, 27.0, 28.0, 75.0, 63.0, 57.0, 46.0, 36.0, 25.0, 13.0, 16.0, 13.0, 71.0, 62.0, 54.0, 48.0, 35.0, 22.0, 14.0, 0.0, 16.0, 77.0, 71.0, 56.0, 54.0, 40.0, 34.0, 29.0, 30.0, 29.0, 86.0, 80.0, 72.0, 64.0, 65.0, 47.0, 54.0, 51.0, 47.0, 99.0, 89.0, 88.0, 82.0, 83.0, 74.0, 69.0, 68.0, 66.0, 119.0, 102.0, 101.0, 103.0, 95.0, 86.0, 92.0, 78.0, 79.0, 135.0, 130.0, 117.0, 111.0, 116.0, 113.0, 106.0, 110.0, 111.0, 146.0, 149.0, 139.0, 140.0, 124.0, 132.0, 124.0, 127.0, 121.0, ]
[122.0, 107.0, 99.0, 99.0, 93.0, 88.0, 89.0, 88.0, 83.0, 109.0, 98.0, 94.0, 81.0, 85.0, 69.0, 65.0, 59.0, 63.0, 92.0, 89.0, 71.0, 70.0, 63.0, 54.0, 52.0, 43.0, 41.0, 83.0, 71.0, 67.0, 56.0, 45.0, 36.0, 25.0, 31.0, 25.0, 78.0, 66.0, 57.0, 51.0, 41.0, 28.0, 23.0, 16.0, 0.0, 79.0, 71.0, 58.0, 50.0, 38.0, 28.0, 20.0, 17.0, 13.0, 85.0, 75.0, 68.0, 57.0, 57.0, 39.0, 42.0, 38.0, 31.0, 94.0, 83.0, 80.0, 73.0, 73.0, 62.0, 56.0, 54.0, 51.0, 111.0, 95.0, 92.0, 92.0, 83.0, 74.0, 78.0, 64.0, 64.0, 126.0, 120.0, 106.0, 100.0, 104.0, 99.0, 92.0, 95.0, 96.0, 136.0, 139.0, 128.0, 128.0, 111.0, 118.0, 109.0, 112.0, 106.0, ]
[105.0, 95.0, 93.0, 101.0, 106.0, 108.0, 117.0, 122.0, 124.0, 88.0, 84.0, 86.0, 79.0, 94.0, 89.0, 94.0, 101.0, 110.0, 56.0, 65.0, 61.0, 66.0, 76.0, 76.0, 83.0, 84.0, 97.0, 37.0, 33.0, 43.0, 48.0, 48.0, 59.0, 68.0, 84.0, 90.0, 28.0, 18.0, 24.0, 30.0, 43.0, 56.0, 64.0, 77.0, 79.0, 0.0, 8.0, 21.0, 34.0, 41.0, 53.0, 62.0, 69.0, 83.0, 15.0, 28.0, 27.0, 38.0, 46.0, 50.0, 64.0, 72.0, 84.0, 37.0, 40.0, 48.0, 57.0, 61.0, 69.0, 74.0, 80.0, 90.0, 68.0, 54.0, 63.0, 74.0, 75.0, 75.0, 88.0, 86.0, 97.0, 86.0, 87.0, 83.0, 85.0, 95.0, 100.0, 98.0, 111.0, 117.0, 102.0, 108.0, 102.0, 111.0, 103.0, 117.0, 115.0, 125.0, 124.0, ]
[107.0, 96.0, 94.0, 101.0, 105.0, 107.0, 115.0, 120.0, 121.0, 90.0, 85.0, 87.0, 78.0, 93.0, 87.0, 91.0, 97.0, 106.0, 59.0, 67.0, 60.0, 65.0, 73.0, 72.0, 80.0, 79.0, 92.0, 40.0, 33.0, 42.0, 45.0, 43.0, 53.0, 62.0, 78.0, 83.0, 31.0, 16.0, 18.0, 24.0, 38.0, 49.0, 57.0, 71.0, 71.0, 8.0, 0.0, 15.0, 26.0, 33.0, 45.0, 54.0, 61.0, 75.0, 17.0, 23.0, 21.0, 30.0, 39.0, 42.0, 55.0, 63.0, 76.0, 37.0, 36.0, 44.0, 51.0, 55.0, 62.0, 66.0, 72.0, 82.0, 66.0, 51.0, 59.0, 70.0, 69.0, 69.0, 82.0, 78.0, 89.0, 85.0, 85.0, 79.0, 80.0, 90.0, 94.0, 92.0, 104.0, 110.0, 100.0, 106.0, 99.0, 107.0, 98.0, 111.0, 109.0, 118.0, 118.0, ]
[100.0, 88.0, 84.0, 90.0, 93.0, 94.0, 101.0, 106.0, 106.0, 83.0, 76.0, 77.0, 67.0, 81.0, 73.0, 77.0, 82.0, 91.0, 54.0, 59.0, 49.0, 54.0, 60.0, 58.0, 65.0, 64.0, 77.0, 37.0, 26.0, 32.0, 32.0, 29.0, 38.0, 47.0, 64.0, 68.0, 28.0, 11.0, 4.0, 9.0, 23.0, 35.0, 43.0, 56.0, 58.0, 21.0, 15.0, 0.0, 21.0, 22.0, 34.0, 43.0, 50.0, 64.0, 32.0, 33.0, 27.0, 31.0, 39.0, 35.0, 50.0, 57.0, 68.0, 50.0, 46.0, 51.0, 55.0, 59.0, 61.0, 64.0, 69.0, 77.0, 78.0, 61.0, 67.0, 76.0, 73.0, 70.0, 82.0, 76.0, 86.0, 96.0, 95.0, 87.0, 86.0, 95.0, 97.0, 94.0, 105.0, 110.0, 110.0, 116.0, 108.0, 114.0, 103.0, 116.0, 112.0, 120.0, 118.0, ]
[119.0, 107.0, 102.0, 107.0, 107.0, 107.0, 113.0, 116.0, 115.0, 103.0, 95.0, 95.0, 84.0, 96.0, 86.0, 87.0, 89.0, 97.0, 75.0, 79.0, 67.0, 70.0, 74.0, 69.0, 74.0, 70.0, 79.0, 58.0, 47.0, 52.0, 48.0, 40.0, 45.0, 49.0, 66.0, 67.0, 49.0, 32.0, 24.0, 23.0, 31.0, 36.0, 43.0, 54.0, 50.0, 34.0, 26.0, 21.0, 0.0, 14.0, 22.0, 30.0, 36.0, 51.0, 36.0, 26.0, 18.0, 12.0, 18.0, 16.0, 30.0, 37.0, 50.0, 45.0, 36.0, 36.0, 36.0, 39.0, 40.0, 43.0, 47.0, 57.0, 67.0, 50.0, 52.0, 58.0, 54.0, 50.0, 61.0, 55.0, 64.0, 84.0, 81.0, 71.0, 68.0, 76.0, 77.0, 73.0, 84.0, 89.0, 97.0, 101.0, 92.0, 97.0, 84.0, 96.0, 91.0, 99.0, 97.0, ]
[110.0, 97.0, 92.0, 96.0, 95.0, 94.0, 99.0, 102.0, 100.0, 95.0, 86.0, 85.0, 73.0, 84.0, 73.0, 73.0, 75.0, 83.0, 69.0, 72.0, 57.0, 59.0, 61.0, 56.0, 60.0, 56.0, 65.0, 55.0, 42.0, 44.0, 38.0, 28.0, 31.0, 34.0, 51.0, 53.0, 47.0, 31.0, 22.0, 17.0, 19.0, 21.0, 28.0, 40.0, 38.0, 41.0, 33.0, 22.0, 14.0, 0.0, 12.0, 21.0, 29.0, 42.0, 47.0, 40.0, 32.0, 26.0, 30.0, 17.0, 33.0, 37.0, 47.0, 59.0, 50.0, 51.0, 49.0, 51.0, 48.0, 48.0, 52.0, 58.0, 81.0, 64.0, 65.0, 71.0, 65.0, 60.0, 70.0, 60.0, 68.0, 98.0, 95.0, 84.0, 80.0, 88.0, 88.0, 83.0, 91.0, 95.0, 111.0, 115.0, 106.0, 110.0, 96.0, 107.0, 101.0, 108.0, 105.0, ]
[118.0, 104.0, 98.0, 101.0, 99.0, 96.0, 100.0, 102.0, 99.0, 103.0, 93.0, 92.0, 79.0, 88.0, 75.0, 74.0, 74.0, 80.0, 79.0, 80.0, 64.0, 66.0, 65.0, 58.0, 60.0, 55.0, 60.0, 66.0, 54.0, 54.0, 46.0, 35.0, 33.0, 32.0, 47.0, 47.0, 59.0, 44.0, 34.0, 29.0, 27.0, 21.0, 26.0, 34.0, 28.0, 53.0, 45.0, 34.0, 22.0, 12.0, 0.0, 9.0, 16.0, 30.0, 58.0, 48.0, 40.0, 30.0, 31.0, 14.0, 25.0, 28.0, 35.0, 67.0, 56.0, 54.0, 49.0, 51.0, 44.0, 42.0, 44.0, 48.0, 85.0, 69.0, 68.0, 71.0, 63.0, 56.0, 64.0, 53.0, 59.0, 102.0, 97.0, 85.0, 80.0, 86.0, 84.0, 78.0, 85.0, 88.0, 113.0, 116.0, 106.0, 109.0, 94.0, 103.0, 96.0, 102.0, 98.0, ]
[122.0, 108.0, 102.0, 104.0, 100.0, 97.0, 100.0, 100.0, 97.0, 108.0, 98.0, 96.0, 83.0, 90.0, 76.0, 74.0, 72.0, 78.0, 86.0, 86.0, 69.0, 70.0, 67.0, 59.0, 60.0, 53.0, 57.0, 74.0, 61.0, 60.0, 51.0, 40.0, 35.0, 31.0, 44.0, 42.0, 67.0, 52.0, 43.0, 37.0, 33.0, 23.0, 25.0, 29.0, 20.0, 62.0, 54.0, 43.0, 30.0, 21.0, 9.0, 0.0, 8.0, 21.0, 66.0, 55.0, 48.0, 37.0, 37.0, 19.0, 25.0, 25.0, 28.0, 74.0, 63.0, 60.0, 54.0, 54.0, 45.0, 41.0, 41.0, 43.0, 91.0, 75.0, 72.0, 74.0, 65.0, 57.0, 64.0, 51.0, 55.0, 107.0, 101.0, 88.0, 82.0, 88.0, 85.0, 78.0, 84.0, 86.0, 117.0, 120.0, 110.0, 111.0, 95.0, 103.0, 96.0, 101.0, 96.0, ]
[128.0, 114.0, 107.0, 109.0, 104.0, 100.0, 103.0, 103.0, 99.0, 114.0, 104.0, 102.0, 89.0, 95.0, 80.0, 78.0, 74.0, 79.0, 93.0, 93.0, 76.0, 76.0, 72.0, 64.0, 64.0, 56.0, 57.0, 81.0, 69.0, 67.0, 58.0, 47.0, 41.0, 35.0, 46.0, 42.0, 74.0, 60.0, 50.0, 45.0, 40.0, 29.0, 30.0, 30.0, 17.0, 69.0, 61.0, 50.0, 36.0, 29.0, 16.0, 8.0, 0.0, 14.0, 73.0, 61.0, 53.0, 42.0, 40.0, 23.0, 25.0, 21.0, 21.0, 79.0, 67.0, 63.0, 55.0, 55.0, 44.0, 39.0, 38.0, 38.0, 94.0, 78.0, 74.0, 75.0, 65.0, 57.0, 62.0, 48.0, 50.0, 109.0, 102.0, 89.0, 82.0, 87.0, 83.0, 76.0, 80.0, 82.0, 118.0, 121.0, 110.0, 110.0, 94.0, 101.0, 93.0, 97.0, 92.0, ]
[134.0, 120.0, 112.0, 112.0, 106.0, 101.0, 102.0, 101.0, 95.0, 121.0, 110.0, 107.0, 94.0, 98.0, 82.0, 77.0, 72.0, 75.0, 102.0, 101.0, 83.0, 82.0, 76.0, 67.0, 65.0, 56.0, 53.0, 92.0, 80.0, 77.0, 67.0, 55.0, 47.0, 38.0, 44.0, 37.0, 86.0, 73.0, 63.0, 57.0, 50.0, 37.0, 35.0, 29.0, 13.0, 83.0, 75.0, 64.0, 51.0, 42.0, 30.0, 21.0, 14.0, 0.0, 87.0, 75.0, 68.0, 56.0, 53.0, 37.0, 35.0, 29.0, 19.0, 93.0, 81.0, 76.0, 67.0, 66.0, 54.0, 47.0, 44.0, 39.0, 107.0, 91.0, 86.0, 85.0, 75.0, 66.0, 68.0, 53.0, 52.0, 121.0, 113.0, 99.0, 92.0, 95.0, 90.0, 82.0, 84.0, 84.0, 129.0, 131.0, 120.0, 119.0, 102.0, 107.0, 98.0, 100.0, 94.0, ]
[120.0, 110.0, 108.0, 116.0, 121.0, 123.0, 131.0, 136.0, 138.0, 103.0, 99.0, 101.0, 94.0, 109.0, 104.0, 108.0, 114.0, 123.0, 71.0, 81.0, 76.0, 81.0, 90.0, 89.0, 97.0, 96.0, 108.0, 52.0, 48.0, 58.0, 62.0, 60.0, 70.0, 78.0, 95.0, 99.0, 43.0, 33.0, 35.0, 40.0, 55.0, 65.0, 73.0, 86.0, 85.0, 15.0, 17.0, 32.0, 36.0, 47.0, 58.0, 66.0, 73.0, 87.0, 0.0, 18.0, 22.0, 35.0, 42.0, 51.0, 62.0, 71.0, 85.0, 22.0, 27.0, 37.0, 48.0, 52.0, 63.0, 69.0, 76.0, 88.0, 53.0, 40.0, 51.0, 62.0, 65.0, 67.0, 80.0, 80.0, 92.0, 71.0, 73.0, 70.0, 73.0, 84.0, 89.0, 88.0, 102.0, 109.0, 87.0, 94.0, 88.0, 97.0, 91.0, 105.0, 104.0, 115.0, 115.0, ]
[130.0, 119.0, 116.0, 123.0, 126.0, 126.0, 134.0, 138.0, 138.0, 114.0, 108.0, 109.0, 100.0, 114.0, 106.0, 109.0, 113.0, 121.0, 82.0, 90.0, 82.0, 86.0, 93.0, 90.0, 96.0, 94.0, 104.0, 63.0, 56.0, 64.0, 65.0, 60.0, 68.0, 74.0, 91.0, 93.0, 54.0, 39.0, 37.0, 40.0, 53.0, 60.0, 68.0, 80.0, 75.0, 28.0, 23.0, 33.0, 26.0, 40.0, 48.0, 55.0, 61.0, 75.0, 18.0, 0.0, 8.0, 19.0, 25.0, 38.0, 46.0, 55.0, 70.0, 19.0, 13.0, 21.0, 30.0, 35.0, 45.0, 52.0, 59.0, 71.0, 45.0, 28.0, 36.0, 47.0, 48.0, 49.0, 62.0, 62.0, 74.0, 63.0, 62.0, 56.0, 57.0, 68.0, 72.0, 71.0, 84.0, 91.0, 78.0, 83.0, 76.0, 84.0, 75.0, 89.0, 87.0, 97.0, 98.0, ]
[126.0, 114.0, 111.0, 117.0, 120.0, 120.0, 127.0, 131.0, 130.0, 109.0, 103.0, 104.0, 94.0, 108.0, 99.0, 102.0, 105.0, 114.0, 79.0, 86.0, 76.0, 81.0, 86.0, 83.0, 89.0, 87.0, 96.0, 60.0, 52.0, 59.0, 59.0, 53.0, 61.0, 66.0, 83.0, 85.0, 51.0, 35.0, 31.0, 33.0, 46.0, 52.0, 60.0, 72.0, 68.0, 27.0, 21.0, 27.0, 18.0, 32.0, 40.0, 48.0, 53.0, 68.0, 22.0, 8.0, 0.0, 13.0, 21.0, 31.0, 40.0, 49.0, 64.0, 27.0, 19.0, 24.0, 30.0, 35.0, 42.0, 48.0, 55.0, 66.0, 51.0, 34.0, 40.0, 49.0, 49.0, 48.0, 62.0, 59.0, 71.0, 69.0, 68.0, 60.0, 60.0, 70.0, 73.0, 71.0, 84.0, 90.0, 83.0, 89.0, 81.0, 88.0, 78.0, 91.0, 88.0, 98.0, 97.0, ]
[130.0, 118.0, 114.0, 119.0, 120.0, 119.0, 125.0, 128.0, 126.0, 114.0, 107.0, 107.0, 96.0, 108.0, 98.0, 99.0, 101.0, 109.0, 85.0, 90.0, 78.0, 82.0, 86.0, 81.0, 86.0, 82.0, 90.0, 67.0, 57.0, 63.0, 60.0, 52.0, 57.0, 60.0, 77.0, 77.0, 58.0, 41.0, 34.0, 34.0, 44.0, 47.0, 54.0, 64.0, 57.0, 38.0, 30.0, 31.0, 12.0, 26.0, 30.0, 37.0, 42.0, 56.0, 35.0, 19.0, 13.0, 0.0, 8.0, 19.0, 27.0, 36.0, 51.0, 37.0, 26.0, 25.0, 24.0, 28.0, 31.0, 36.0, 42.0, 53.0, 55.0, 39.0, 40.0, 46.0, 42.0, 39.0, 52.0, 48.0, 59.0, 72.0, 69.0, 59.0, 56.0, 65.0, 66.0, 63.0, 74.0, 80.0, 85.0, 89.0, 80.0, 85.0, 73.0, 85.0, 81.0, 89.0, 88.0, ]
[138.0, 125.0, 120.0, 125.0, 125.0, 124.0, 129.0, 132.0, 130.0, 121.0, 114.0, 114.0, 102.0, 114.0, 103.0, 104.0, 104.0, 111.0, 93.0, 98.0, 85.0, 88.0, 91.0, 86.0, 90.0, 85.0, 92.0, 75.0, 65.0, 70.0, 66.0, 58.0, 61.0, 63.0, 79.0, 78.0, 66.0, 49.0, 42.0, 41.0, 49.0, 50.0, 56.0, 65.0, 57.0, 46.0, 39.0, 39.0, 18.0, 30.0, 31.0, 37.0, 40.0, 53.0, 42.0, 25.0, 21.0, 8.0, 0.0, 18.0, 21.0, 30.0, 46.0, 41.0, 28.0, 23.0, 18.0, 21.0, 23.0, 28.0, 34.0, 46.0, 54.0, 38.0, 36.0, 41.0, 35.0, 31.0, 44.0, 39.0, 51.0, 70.0, 65.0, 54.0, 50.0, 58.0, 59.0, 55.0, 66.0, 71.0, 81.0, 85.0, 76.0, 79.0, 66.0, 78.0, 73.0, 81.0, 80.0, ]
[128.0, 114.0, 109.0, 113.0, 111.0, 109.0, 114.0, 116.0, 113.0, 112.0, 103.0, 102.0, 90.0, 100.0, 88.0, 88.0, 88.0, 94.0, 86.0, 89.0, 74.0, 77.0, 77.0, 71.0, 74.0, 68.0, 74.0, 71.0, 59.0, 61.0, 55.0, 45.0, 46.0, 46.0, 61.0, 60.0, 62.0, 46.0, 37.0, 33.0, 36.0, 34.0, 40.0, 47.0, 39.0, 50.0, 42.0, 35.0, 16.0, 17.0, 14.0, 19.0, 23.0, 37.0, 51.0, 38.0, 31.0, 19.0, 18.0, 0.0, 16.0, 22.0, 35.0, 56.0, 44.0, 41.0, 35.0, 37.0, 31.0, 31.0, 34.0, 42.0, 72.0, 56.0, 54.0, 57.0, 49.0, 43.0, 52.0, 43.0, 51.0, 88.0, 83.0, 71.0, 66.0, 72.0, 71.0, 66.0, 74.0, 78.0, 99.0, 103.0, 92.0, 95.0, 80.0, 90.0, 84.0, 91.0, 87.0, ]
[143.0, 129.0, 123.0, 127.0, 124.0, 121.0, 125.0, 126.0, 122.0, 127.0, 118.0, 117.0, 105.0, 114.0, 100.0, 99.0, 97.0, 103.0, 102.0, 104.0, 89.0, 91.0, 90.0, 83.0, 85.0, 78.0, 82.0, 86.0, 75.0, 77.0, 70.0, 60.0, 59.0, 56.0, 70.0, 66.0, 78.0, 61.0, 52.0, 49.0, 51.0, 46.0, 50.0, 54.0, 42.0, 64.0, 55.0, 50.0, 30.0, 33.0, 25.0, 25.0, 25.0, 35.0, 62.0, 46.0, 40.0, 27.0, 21.0, 16.0, 0.0, 9.0, 25.0, 62.0, 49.0, 42.0, 32.0, 31.0, 20.0, 16.0, 19.0, 27.0, 72.0, 57.0, 51.0, 50.0, 41.0, 32.0, 39.0, 28.0, 35.0, 86.0, 78.0, 64.0, 58.0, 62.0, 59.0, 53.0, 60.0, 63.0, 94.0, 97.0, 85.0, 86.0, 70.0, 78.0, 71.0, 76.0, 72.0, ]
[146.0, 132.0, 126.0, 128.0, 124.0, 121.0, 124.0, 124.0, 120.0, 131.0, 121.0, 120.0, 107.0, 115.0, 100.0, 98.0, 95.0, 100.0, 106.0, 108.0, 92.0, 94.0, 91.0, 84.0, 84.0, 77.0, 78.0, 92.0, 80.0, 81.0, 74.0, 63.0, 60.0, 55.0, 67.0, 63.0, 84.0, 67.0, 58.0, 54.0, 54.0, 47.0, 50.0, 51.0, 38.0, 72.0, 63.0, 57.0, 37.0, 37.0, 28.0, 25.0, 21.0, 29.0, 71.0, 55.0, 49.0, 36.0, 30.0, 22.0, 9.0, 0.0, 16.0, 71.0, 57.0, 51.0, 40.0, 38.0, 25.0, 18.0, 17.0, 21.0, 80.0, 65.0, 59.0, 57.0, 46.0, 37.0, 41.0, 27.0, 31.0, 93.0, 85.0, 70.0, 63.0, 66.0, 62.0, 55.0, 59.0, 61.0, 100.0, 102.0, 91.0, 90.0, 73.0, 80.0, 72.0, 76.0, 71.0, ]
[149.0, 135.0, 128.0, 129.0, 123.0, 119.0, 121.0, 119.0, 114.0, 135.0, 125.0, 122.0, 109.0, 115.0, 99.0, 96.0, 90.0, 94.0, 113.0, 113.0, 96.0, 97.0, 92.0, 83.0, 82.0, 74.0, 72.0, 101.0, 88.0, 88.0, 79.0, 67.0, 62.0, 54.0, 63.0, 56.0, 93.0, 78.0, 68.0, 64.0, 60.0, 50.0, 50.0, 47.0, 31.0, 84.0, 76.0, 68.0, 50.0, 47.0, 35.0, 28.0, 21.0, 19.0, 85.0, 70.0, 64.0, 51.0, 46.0, 35.0, 25.0, 16.0, 0.0, 87.0, 73.0, 66.0, 55.0, 54.0, 39.0, 30.0, 26.0, 20.0, 95.0, 81.0, 74.0, 71.0, 59.0, 50.0, 50.0, 35.0, 33.0, 108.0, 99.0, 84.0, 76.0, 78.0, 72.0, 64.0, 65.0, 65.0, 114.0, 116.0, 104.0, 102.0, 84.0, 89.0, 80.0, 81.0, 75.0, ]
[142.0, 132.0, 130.0, 138.0, 142.0, 143.0, 151.0, 155.0, 156.0, 125.0, 121.0, 123.0, 115.0, 130.0, 123.0, 127.0, 131.0, 140.0, 93.0, 102.0, 97.0, 102.0, 110.0, 108.0, 114.0, 113.0, 123.0, 74.0, 69.0, 79.0, 82.0, 78.0, 86.0, 93.0, 110.0, 112.0, 65.0, 53.0, 54.0, 57.0, 71.0, 79.0, 87.0, 99.0, 94.0, 37.0, 37.0, 50.0, 45.0, 59.0, 67.0, 74.0, 79.0, 93.0, 22.0, 19.0, 27.0, 37.0, 41.0, 56.0, 62.0, 71.0, 87.0, 0.0, 14.0, 24.0, 37.0, 42.0, 56.0, 64.0, 71.0, 84.0, 31.0, 19.0, 33.0, 45.0, 51.0, 56.0, 69.0, 73.0, 86.0, 49.0, 51.0, 50.0, 55.0, 66.0, 73.0, 74.0, 89.0, 96.0, 65.0, 72.0, 67.0, 77.0, 73.0, 87.0, 88.0, 99.0, 101.0, ]
[143.0, 132.0, 129.0, 136.0, 139.0, 139.0, 146.0, 150.0, 149.0, 126.0, 121.0, 122.0, 113.0, 127.0, 119.0, 121.0, 125.0, 133.0, 95.0, 103.0, 95.0, 99.0, 106.0, 103.0, 108.0, 105.0, 115.0, 76.0, 69.0, 77.0, 78.0, 73.0, 80.0, 84.0, 101.0, 103.0, 67.0, 52.0, 50.0, 52.0, 65.0, 71.0, 78.0, 89.0, 83.0, 40.0, 36.0, 46.0, 36.0, 50.0, 56.0, 63.0, 67.0, 81.0, 27.0, 13.0, 19.0, 26.0, 28.0, 44.0, 49.0, 57.0, 73.0, 14.0, 0.0, 11.0, 23.0, 28.0, 42.0, 50.0, 57.0, 70.0, 32.0, 15.0, 24.0, 36.0, 39.0, 42.0, 56.0, 59.0, 72.0, 50.0, 49.0, 44.0, 46.0, 57.0, 62.0, 62.0, 76.0, 83.0, 64.0, 70.0, 63.0, 71.0, 64.0, 78.0, 77.0, 88.0, 89.0, ]
[150.0, 138.0, 135.0, 141.0, 143.0, 143.0, 149.0, 152.0, 151.0, 133.0, 127.0, 128.0, 118.0, 131.0, 122.0, 124.0, 126.0, 133.0, 102.0, 110.0, 100.0, 104.0, 109.0, 105.0, 110.0, 106.0, 114.0, 84.0, 76.0, 83.0, 82.0, 76.0, 81.0, 85.0, 101.0, 101.0, 74.0, 59.0, 55.0, 56.0, 67.0, 72.0, 78.0, 88.0, 80.0, 48.0, 44.0, 51.0, 36.0, 51.0, 54.0, 60.0, 63.0, 76.0, 37.0, 21.0, 24.0, 25.0, 23.0, 41.0, 42.0, 51.0, 66.0, 24.0, 11.0, 0.0, 13.0, 18.0, 32.0, 41.0, 48.0, 61.0, 31.0, 15.0, 16.0, 26.0, 28.0, 32.0, 45.0, 49.0, 62.0, 48.0, 44.0, 36.0, 36.0, 47.0, 52.0, 52.0, 66.0, 73.0, 60.0, 65.0, 57.0, 64.0, 55.0, 68.0, 67.0, 78.0, 79.0, ]
[154.0, 142.0, 138.0, 143.0, 143.0, 142.0, 148.0, 150.0, 148.0, 138.0, 131.0, 131.0, 120.0, 132.0, 121.0, 122.0, 123.0, 130.0, 108.0, 114.0, 102.0, 106.0, 109.0, 104.0, 108.0, 103.0, 110.0, 90.0, 80.0, 86.0, 84.0, 76.0, 80.0, 81.0, 97.0, 96.0, 80.0, 64.0, 58.0, 58.0, 67.0, 69.0, 75.0, 82.0, 73.0, 57.0, 51.0, 55.0, 36.0, 49.0, 49.0, 54.0, 55.0, 67.0, 48.0, 30.0, 30.0, 24.0, 18.0, 35.0, 32.0, 40.0, 55.0, 37.0, 23.0, 13.0, 0.0, 5.0, 19.0, 28.0, 35.0, 48.0, 40.0, 26.0, 19.0, 22.0, 19.0, 19.0, 33.0, 36.0, 49.0, 54.0, 48.0, 35.0, 32.0, 41.0, 43.0, 41.0, 54.0, 61.0, 64.0, 67.0, 57.0, 61.0, 49.0, 61.0, 58.0, 68.0, 68.0, ]
[158.0, 146.0, 141.0, 146.0, 146.0, 145.0, 150.0, 152.0, 150.0, 142.0, 134.0, 134.0, 123.0, 135.0, 124.0, 124.0, 124.0, 131.0, 112.0, 118.0, 106.0, 109.0, 112.0, 107.0, 110.0, 105.0, 111.0, 94.0, 84.0, 90.0, 87.0, 79.0, 82.0, 83.0, 98.0, 96.0, 85.0, 68.0, 62.0, 62.0, 70.0, 71.0, 76.0, 83.0, 73.0, 61.0, 55.0, 59.0, 39.0, 51.0, 51.0, 54.0, 55.0, 66.0, 52.0, 35.0, 35.0, 28.0, 21.0, 37.0, 31.0, 38.0, 54.0, 42.0, 28.0, 18.0, 5.0, 0.0, 16.0, 25.0, 32.0, 45.0, 42.0, 29.0, 20.0, 20.0, 15.0, 14.0, 28.0, 31.0, 44.0, 54.0, 47.0, 34.0, 29.0, 37.0, 39.0, 37.0, 49.0, 56.0, 63.0, 66.0, 56.0, 59.0, 45.0, 57.0, 54.0, 63.0, 63.0, ]
[158.0, 145.0, 140.0, 144.0, 142.0, 140.0, 144.0, 145.0, 142.0, 142.0, 134.0, 133.0, 122.0, 132.0, 119.0, 118.0, 117.0, 123.0, 115.0, 119.0, 105.0, 108.0, 108.0, 102.0, 104.0, 98.0, 102.0, 98.0, 87.0, 91.0, 86.0, 76.0, 77.0, 76.0, 89.0, 86.0, 88.0, 71.0, 64.0, 62.0, 67.0, 65.0, 69.0, 74.0, 62.0, 69.0, 62.0, 61.0, 40.0, 48.0, 44.0, 45.0, 44.0, 54.0, 63.0, 45.0, 42.0, 31.0, 23.0, 31.0, 20.0, 25.0, 39.0, 56.0, 42.0, 32.0, 19.0, 16.0, 0.0, 9.0, 16.0, 29.0, 57.0, 45.0, 35.0, 32.0, 21.0, 12.0, 22.0, 17.0, 30.0, 69.0, 60.0, 45.0, 38.0, 42.0, 40.0, 35.0, 44.0, 49.0, 75.0, 77.0, 66.0, 66.0, 50.0, 59.0, 53.0, 60.0, 57.0, ]
[159.0, 145.0, 139.0, 143.0, 140.0, 137.0, 141.0, 141.0, 137.0, 143.0, 134.0, 133.0, 121.0, 130.0, 117.0, 115.0, 113.0, 118.0, 117.0, 120.0, 105.0, 107.0, 107.0, 100.0, 101.0, 94.0, 96.0, 100.0, 89.0, 92.0, 86.0, 76.0, 75.0, 72.0, 85.0, 81.0, 92.0, 74.0, 66.0, 64.0, 67.0, 63.0, 66.0, 69.0, 56.0, 74.0, 66.0, 64.0, 43.0, 48.0, 42.0, 41.0, 39.0, 47.0, 69.0, 52.0, 48.0, 36.0, 28.0, 31.0, 16.0, 18.0, 30.0, 64.0, 50.0, 41.0, 28.0, 25.0, 9.0, 0.0, 7.0, 20.0, 66.0, 54.0, 45.0, 40.0, 29.0, 19.0, 23.0, 12.0, 23.0, 78.0, 69.0, 54.0, 46.0, 48.0, 44.0, 37.0, 43.0, 47.0, 83.0, 85.0, 74.0, 72.0, 55.0, 63.0, 55.0, 60.0, 56.0, ]
[162.0, 148.0, 142.0, 145.0, 141.0, 138.0, 141.0, 141.0, 137.0, 146.0, 137.0, 136.0, 123.0, 131.0, 117.0, 115.0, 112.0, 117.0, 120.0, 123.0, 108.0, 110.0, 108.0, 101.0, 101.0, 94.0, 95.0, 105.0, 93.0, 96.0, 89.0, 78.0, 76.0, 72.0, 84.0, 79.0, 96.0, 79.0, 71.0, 68.0, 70.0, 64.0, 67.0, 68.0, 54.0, 80.0, 72.0, 69.0, 47.0, 52.0, 44.0, 41.0, 38.0, 44.0, 76.0, 59.0, 55.0, 42.0, 34.0, 34.0, 19.0, 17.0, 26.0, 71.0, 57.0, 48.0, 35.0, 32.0, 16.0, 7.0, 0.0, 13.0, 73.0, 61.0, 51.0, 46.0, 34.0, 24.0, 24.0, 10.0, 17.0, 84.0, 74.0, 59.0, 50.0, 52.0, 46.0, 38.0, 42.0, 45.0, 88.0, 90.0, 78.0, 76.0, 58.0, 64.0, 55.0, 59.0, 54.0, ]
[166.0, 152.0, 145.0, 147.0, 142.0, 138.0, 140.0, 139.0, 134.0, 151.0, 141.0, 139.0, 126.0, 133.0, 118.0, 115.0, 110.0, 114.0, 127.0, 128.0, 112.0, 113.0, 110.0, 102.0, 101.0, 93.0, 92.0, 112.0, 100.0, 102.0, 94.0, 83.0, 79.0, 73.0, 82.0, 76.0, 104.0, 88.0, 79.0, 75.0, 75.0, 67.0, 68.0, 66.0, 51.0, 90.0, 82.0, 77.0, 57.0, 58.0, 48.0, 43.0, 38.0, 39.0, 88.0, 71.0, 66.0, 53.0, 46.0, 42.0, 27.0, 21.0, 20.0, 84.0, 70.0, 61.0, 48.0, 45.0, 29.0, 20.0, 13.0, 0.0, 86.0, 74.0, 64.0, 58.0, 46.0, 36.0, 33.0, 18.0, 13.0, 96.0, 86.0, 70.0, 61.0, 61.0, 54.0, 45.0, 45.0, 45.0, 100.0, 100.0, 88.0, 85.0, 67.0, 70.0, 60.0, 62.0, 55.0, ]
[173.0, 162.0, 160.0, 167.0, 171.0, 171.0, 178.0, 182.0, 181.0, 156.0, 151.0, 153.0, 145.0, 159.0, 151.0, 153.0, 156.0, 164.0, 124.0, 133.0, 126.0, 131.0, 138.0, 135.0, 140.0, 137.0, 145.0, 105.0, 100.0, 108.0, 110.0, 105.0, 111.0, 115.0, 132.0, 132.0, 96.0, 83.0, 82.0, 84.0, 97.0, 102.0, 109.0, 119.0, 111.0, 68.0, 66.0, 78.0, 67.0, 81.0, 85.0, 91.0, 94.0, 107.0, 53.0, 45.0, 51.0, 55.0, 54.0, 72.0, 72.0, 80.0, 95.0, 31.0, 32.0, 31.0, 40.0, 42.0, 57.0, 66.0, 73.0, 86.0, 0.0, 17.0, 22.0, 30.0, 41.0, 50.0, 60.0, 70.0, 82.0, 18.0, 21.0, 26.0, 34.0, 45.0, 55.0, 59.0, 74.0, 82.0, 34.0, 41.0, 37.0, 49.0, 49.0, 64.0, 68.0, 80.0, 84.0, ]
[158.0, 147.0, 144.0, 151.0, 154.0, 154.0, 161.0, 165.0, 164.0, 141.0, 136.0, 137.0, 128.0, 142.0, 134.0, 136.0, 139.0, 147.0, 109.0, 118.0, 110.0, 115.0, 121.0, 118.0, 123.0, 120.0, 128.0, 90.0, 84.0, 92.0, 93.0, 88.0, 94.0, 98.0, 115.0, 116.0, 81.0, 67.0, 65.0, 68.0, 80.0, 85.0, 92.0, 102.0, 95.0, 54.0, 51.0, 61.0, 50.0, 64.0, 69.0, 75.0, 78.0, 91.0, 40.0, 28.0, 34.0, 39.0, 38.0, 56.0, 57.0, 65.0, 81.0, 19.0, 15.0, 15.0, 26.0, 29.0, 45.0, 54.0, 61.0, 74.0, 17.0, 0.0, 14.0, 27.0, 34.0, 41.0, 53.0, 60.0, 73.0, 35.0, 34.0, 31.0, 35.0, 47.0, 54.0, 56.0, 71.0, 79.0, 49.0, 55.0, 49.0, 58.0, 53.0, 68.0, 69.0, 81.0, 83.0, ]
[166.0, 154.0, 151.0, 157.0, 159.0, 158.0, 164.0, 167.0, 166.0, 149.0, 143.0, 144.0, 134.0, 147.0, 137.0, 139.0, 140.0, 148.0, 118.0, 126.0, 116.0, 120.0, 125.0, 121.0, 125.0, 121.0, 128.0, 99.0, 92.0, 99.0, 98.0, 92.0, 96.0, 99.0, 115.0, 114.0, 90.0, 74.0, 71.0, 72.0, 83.0, 86.0, 93.0, 101.0, 92.0, 63.0, 59.0, 67.0, 52.0, 65.0, 68.0, 72.0, 74.0, 86.0, 51.0, 36.0, 40.0, 40.0, 36.0, 54.0, 51.0, 59.0, 74.0, 33.0, 24.0, 16.0, 19.0, 20.0, 35.0, 45.0, 51.0, 64.0, 22.0, 14.0, 0.0, 13.0, 21.0, 29.0, 40.0, 49.0, 61.0, 35.0, 29.0, 20.0, 22.0, 33.0, 41.0, 42.0, 57.0, 65.0, 45.0, 50.0, 41.0, 48.0, 40.0, 55.0, 55.0, 67.0, 69.0, ]
[175.0, 163.0, 159.0, 165.0, 166.0, 164.0, 170.0, 172.0, 170.0, 159.0, 152.0, 152.0, 142.0, 154.0, 143.0, 144.0, 145.0, 151.0, 128.0, 135.0, 124.0, 128.0, 132.0, 127.0, 130.0, 125.0, 131.0, 109.0, 101.0, 108.0, 106.0, 98.0, 102.0, 103.0, 118.0, 116.0, 100.0, 84.0, 80.0, 80.0, 89.0, 91.0, 96.0, 103.0, 92.0, 74.0, 70.0, 76.0, 58.0, 71.0, 71.0, 74.0, 75.0, 85.0, 62.0, 47.0, 49.0, 46.0, 41.0, 57.0, 50.0, 57.0, 71.0, 45.0, 36.0, 26.0, 22.0, 20.0, 32.0, 40.0, 46.0, 58.0, 30.0, 27.0, 13.0, 0.0, 12.0, 22.0, 30.0, 41.0, 53.0, 38.0, 28.0, 14.0, 10.0, 21.0, 28.0, 30.0, 45.0, 53.0, 43.0, 46.0, 35.0, 39.0, 29.0, 43.0, 42.0, 54.0, 57.0, ]
[173.0, 160.0, 156.0, 161.0, 160.0, 158.0, 163.0, 165.0, 162.0, 156.0, 149.0, 149.0, 138.0, 149.0, 137.0, 137.0, 137.0, 143.0, 127.0, 132.0, 120.0, 124.0, 126.0, 120.0, 123.0, 118.0, 122.0, 108.0, 99.0, 105.0, 102.0, 93.0, 95.0, 95.0, 110.0, 107.0, 99.0, 82.0, 77.0, 76.0, 84.0, 84.0, 89.0, 95.0, 83.0, 75.0, 69.0, 73.0, 54.0, 65.0, 63.0, 65.0, 65.0, 75.0, 65.0, 48.0, 49.0, 42.0, 35.0, 49.0, 41.0, 46.0, 59.0, 51.0, 39.0, 28.0, 19.0, 15.0, 21.0, 29.0, 34.0, 46.0, 41.0, 34.0, 21.0, 12.0, 0.0, 10.0, 19.0, 29.0, 41.0, 50.0, 40.0, 25.0, 17.0, 23.0, 25.0, 23.0, 37.0, 45.0, 54.0, 56.0, 45.0, 46.0, 31.0, 43.0, 39.0, 50.0, 50.0, ]
[169.0, 156.0, 151.0, 155.0, 154.0, 152.0, 157.0, 158.0, 154.0, 153.0, 145.0, 144.0, 133.0, 143.0, 131.0, 130.0, 129.0, 135.0, 124.0, 129.0, 116.0, 119.0, 120.0, 114.0, 116.0, 110.0, 114.0, 106.0, 96.0, 101.0, 97.0, 88.0, 89.0, 88.0, 102.0, 99.0, 97.0, 80.0, 74.0, 72.0, 79.0, 77.0, 82.0, 86.0, 74.0, 75.0, 69.0, 70.0, 50.0, 60.0, 56.0, 57.0, 57.0, 66.0, 67.0, 49.0, 48.0, 39.0, 31.0, 43.0, 32.0, 37.0, 50.0, 56.0, 42.0, 32.0, 19.0, 14.0, 12.0, 19.0, 24.0, 36.0, 50.0, 41.0, 29.0, 22.0, 10.0, 0.0, 14.0, 20.0, 32.0, 60.0, 50.0, 35.0, 26.0, 30.0, 28.0, 24.0, 35.0, 42.0, 64.0, 66.0, 54.0, 54.0, 38.0, 47.0, 42.0, 50.0, 49.0, ]
[180.0, 167.0, 161.0, 165.0, 163.0, 160.0, 164.0, 164.0, 160.0, 164.0, 156.0, 155.0, 143.0, 153.0, 139.0, 138.0, 136.0, 141.0, 136.0, 140.0, 127.0, 129.0, 129.0, 122.0, 124.0, 117.0, 119.0, 119.0, 108.0, 113.0, 108.0, 98.0, 98.0, 95.0, 108.0, 103.0, 110.0, 92.0, 85.0, 84.0, 89.0, 85.0, 89.0, 92.0, 78.0, 88.0, 82.0, 82.0, 61.0, 70.0, 64.0, 64.0, 62.0, 68.0, 80.0, 62.0, 62.0, 52.0, 44.0, 52.0, 39.0, 41.0, 50.0, 69.0, 56.0, 45.0, 33.0, 28.0, 22.0, 23.0, 24.0, 33.0, 60.0, 53.0, 40.0, 30.0, 19.0, 14.0, 0.0, 15.0, 24.0, 66.0, 56.0, 40.0, 30.0, 28.0, 22.0, 14.0, 22.0, 28.0, 68.0, 68.0, 56.0, 52.0, 34.0, 40.0, 32.0, 38.0, 36.0, ]
[171.0, 157.0, 151.0, 154.0, 151.0, 148.0, 151.0, 151.0, 147.0, 155.0, 146.0, 145.0, 133.0, 141.0, 127.0, 125.0, 122.0, 127.0, 129.0, 132.0, 117.0, 119.0, 118.0, 110.0, 111.0, 104.0, 105.0, 113.0, 101.0, 104.0, 98.0, 88.0, 86.0, 82.0, 94.0, 89.0, 104.0, 87.0, 79.0, 76.0, 79.0, 74.0, 77.0, 78.0, 64.0, 86.0, 78.0, 76.0, 55.0, 60.0, 53.0, 51.0, 48.0, 53.0, 80.0, 62.0, 59.0, 48.0, 39.0, 43.0, 28.0, 27.0, 35.0, 73.0, 59.0, 49.0, 36.0, 31.0, 17.0, 12.0, 10.0, 18.0, 70.0, 60.0, 49.0, 41.0, 29.0, 20.0, 15.0, 0.0, 13.0, 79.0, 69.0, 53.0, 44.0, 43.0, 37.0, 29.0, 32.0, 35.0, 82.0, 83.0, 71.0, 67.0, 49.0, 54.0, 46.0, 49.0, 45.0, ]
[177.0, 163.0, 157.0, 159.0, 155.0, 151.0, 153.0, 152.0, 147.0, 162.0, 153.0, 151.0, 138.0, 145.0, 131.0, 128.0, 123.0, 127.0, 137.0, 139.0, 123.0, 125.0, 122.0, 114.0, 114.0, 106.0, 105.0, 122.0, 110.0, 112.0, 105.0, 94.0, 91.0, 85.0, 95.0, 89.0, 113.0, 96.0, 88.0, 85.0, 86.0, 79.0, 80.0, 79.0, 64.0, 97.0, 89.0, 86.0, 64.0, 68.0, 59.0, 55.0, 50.0, 52.0, 92.0, 74.0, 71.0, 59.0, 51.0, 51.0, 35.0, 31.0, 33.0, 86.0, 72.0, 62.0, 49.0, 44.0, 30.0, 23.0, 17.0, 13.0, 82.0, 73.0, 61.0, 53.0, 41.0, 32.0, 24.0, 13.0, 0.0, 90.0, 80.0, 64.0, 54.0, 52.0, 43.0, 35.0, 32.0, 32.0, 92.0, 92.0, 80.0, 75.0, 57.0, 58.0, 48.0, 49.0, 42.0, ]
[191.0, 180.0, 178.0, 186.0, 189.0, 189.0, 196.0, 200.0, 199.0, 174.0, 170.0, 171.0, 163.0, 177.0, 169.0, 171.0, 174.0, 181.0, 142.0, 151.0, 144.0, 149.0, 156.0, 153.0, 158.0, 154.0, 162.0, 123.0, 118.0, 127.0, 128.0, 123.0, 129.0, 132.0, 149.0, 149.0, 114.0, 101.0, 100.0, 102.0, 115.0, 119.0, 126.0, 135.0, 126.0, 86.0, 85.0, 96.0, 84.0, 98.0, 102.0, 107.0, 109.0, 121.0, 71.0, 63.0, 69.0, 72.0, 70.0, 88.0, 86.0, 93.0, 108.0, 49.0, 50.0, 48.0, 54.0, 54.0, 69.0, 78.0, 84.0, 96.0, 18.0, 35.0, 35.0, 38.0, 50.0, 60.0, 66.0, 79.0, 90.0, 0.0, 12.0, 27.0, 37.0, 44.0, 55.0, 61.0, 75.0, 83.0, 17.0, 24.0, 25.0, 38.0, 46.0, 59.0, 65.0, 77.0, 83.0, ]
[192.0, 181.0, 178.0, 185.0, 187.0, 187.0, 193.0, 196.0, 195.0, 175.0, 170.0, 171.0, 162.0, 175.0, 166.0, 168.0, 170.0, 177.0, 143.0, 152.0, 144.0, 148.0, 154.0, 150.0, 154.0, 150.0, 157.0, 124.0, 118.0, 126.0, 127.0, 120.0, 126.0, 128.0, 144.0, 143.0, 115.0, 101.0, 99.0, 101.0, 112.0, 115.0, 122.0, 130.0, 120.0, 87.0, 85.0, 95.0, 81.0, 95.0, 97.0, 101.0, 102.0, 113.0, 73.0, 62.0, 68.0, 69.0, 65.0, 83.0, 78.0, 85.0, 99.0, 51.0, 49.0, 44.0, 48.0, 47.0, 60.0, 69.0, 74.0, 86.0, 21.0, 34.0, 29.0, 28.0, 40.0, 50.0, 56.0, 69.0, 80.0, 12.0, 0.0, 16.0, 26.0, 32.0, 43.0, 50.0, 63.0, 71.0, 16.0, 21.0, 16.0, 28.0, 34.0, 47.0, 53.0, 66.0, 71.0, ]
[186.0, 174.0, 171.0, 177.0, 178.0, 177.0, 183.0, 186.0, 183.0, 169.0, 163.0, 164.0, 154.0, 167.0, 156.0, 157.0, 158.0, 165.0, 138.0, 146.0, 136.0, 140.0, 144.0, 140.0, 144.0, 139.0, 145.0, 119.0, 112.0, 119.0, 118.0, 111.0, 115.0, 116.0, 132.0, 130.0, 110.0, 95.0, 91.0, 92.0, 102.0, 104.0, 110.0, 117.0, 106.0, 83.0, 79.0, 87.0, 71.0, 84.0, 85.0, 88.0, 89.0, 99.0, 70.0, 56.0, 60.0, 59.0, 54.0, 71.0, 64.0, 70.0, 84.0, 50.0, 44.0, 36.0, 35.0, 34.0, 45.0, 54.0, 59.0, 70.0, 26.0, 31.0, 20.0, 14.0, 25.0, 35.0, 40.0, 53.0, 64.0, 27.0, 16.0, 0.0, 10.0, 19.0, 29.0, 35.0, 49.0, 57.0, 30.0, 32.0, 22.0, 28.0, 24.0, 38.0, 42.0, 54.0, 59.0, ]
[186.0, 174.0, 170.0, 175.0, 175.0, 174.0, 179.0, 181.0, 179.0, 169.0, 162.0, 163.0, 152.0, 164.0, 153.0, 153.0, 153.0, 160.0, 138.0, 145.0, 134.0, 138.0, 141.0, 136.0, 139.0, 134.0, 139.0, 120.0, 111.0, 118.0, 116.0, 108.0, 111.0, 112.0, 126.0, 124.0, 110.0, 94.0, 90.0, 90.0, 99.0, 100.0, 105.0, 111.0, 100.0, 85.0, 80.0, 86.0, 68.0, 80.0, 80.0, 82.0, 82.0, 92.0, 73.0, 57.0, 60.0, 56.0, 50.0, 66.0, 58.0, 63.0, 76.0, 55.0, 46.0, 36.0, 32.0, 29.0, 38.0, 46.0, 50.0, 61.0, 34.0, 35.0, 22.0, 10.0, 17.0, 26.0, 30.0, 44.0, 54.0, 37.0, 26.0, 10.0, 0.0, 11.0, 20.0, 25.0, 39.0, 48.0, 38.0, 40.0, 28.0, 29.0, 18.0, 33.0, 34.0, 46.0, 50.0, ]
[195.0, 183.0, 178.0, 183.0, 183.0, 181.0, 186.0, 188.0, 184.0, 179.0, 171.0, 172.0, 161.0, 172.0, 160.0, 160.0, 159.0, 165.0, 148.0, 155.0, 143.0, 147.0, 149.0, 143.0, 146.0, 140.0, 144.0, 130.0, 121.0, 127.0, 125.0, 116.0, 118.0, 118.0, 132.0, 129.0, 120.0, 104.0, 99.0, 99.0, 107.0, 107.0, 111.0, 116.0, 104.0, 95.0, 90.0, 95.0, 76.0, 88.0, 86.0, 88.0, 87.0, 95.0, 84.0, 68.0, 70.0, 65.0, 58.0, 72.0, 62.0, 66.0, 78.0, 66.0, 57.0, 47.0, 41.0, 37.0, 42.0, 48.0, 52.0, 61.0, 45.0, 47.0, 33.0, 21.0, 23.0, 30.0, 28.0, 43.0, 52.0, 44.0, 32.0, 19.0, 11.0, 0.0, 11.0, 18.0, 31.0, 39.0, 41.0, 40.0, 28.0, 24.0, 8.0, 22.0, 23.0, 35.0, 40.0, ]
[197.0, 184.0, 179.0, 184.0, 182.0, 180.0, 184.0, 185.0, 181.0, 180.0, 173.0, 172.0, 161.0, 172.0, 159.0, 158.0, 156.0, 162.0, 151.0, 157.0, 144.0, 147.0, 148.0, 142.0, 144.0, 138.0, 140.0, 133.0, 123.0, 129.0, 125.0, 116.0, 117.0, 115.0, 129.0, 125.0, 124.0, 107.0, 101.0, 100.0, 107.0, 105.0, 109.0, 113.0, 99.0, 100.0, 94.0, 97.0, 77.0, 88.0, 84.0, 85.0, 83.0, 90.0, 89.0, 72.0, 73.0, 66.0, 59.0, 71.0, 59.0, 62.0, 72.0, 73.0, 62.0, 52.0, 43.0, 39.0, 40.0, 44.0, 46.0, 54.0, 55.0, 54.0, 41.0, 28.0, 25.0, 28.0, 22.0, 37.0, 43.0, 55.0, 43.0, 29.0, 20.0, 11.0, 0.0, 8.0, 20.0, 28.0, 52.0, 51.0, 38.0, 32.0, 13.0, 19.0, 15.0, 26.0, 30.0, ]
[193.0, 180.0, 174.0, 179.0, 177.0, 174.0, 178.0, 179.0, 175.0, 176.0, 168.0, 168.0, 156.0, 166.0, 153.0, 152.0, 150.0, 155.0, 148.0, 153.0, 139.0, 142.0, 143.0, 136.0, 138.0, 131.0, 133.0, 130.0, 120.0, 125.0, 121.0, 111.0, 111.0, 109.0, 122.0, 117.0, 121.0, 104.0, 97.0, 96.0, 102.0, 99.0, 103.0, 106.0, 92.0, 98.0, 92.0, 94.0, 73.0, 83.0, 78.0, 78.0, 76.0, 82.0, 88.0, 71.0, 71.0, 63.0, 55.0, 66.0, 53.0, 55.0, 64.0, 74.0, 62.0, 52.0, 41.0, 37.0, 35.0, 37.0, 38.0, 45.0, 59.0, 56.0, 42.0, 30.0, 23.0, 24.0, 14.0, 29.0, 35.0, 61.0, 50.0, 35.0, 25.0, 18.0, 8.0, 0.0, 15.0, 23.0, 60.0, 59.0, 47.0, 40.0, 22.0, 25.0, 18.0, 27.0, 27.0, ]
[202.0, 188.0, 183.0, 186.0, 183.0, 180.0, 183.0, 183.0, 178.0, 186.0, 177.0, 176.0, 164.0, 173.0, 160.0, 157.0, 154.0, 158.0, 158.0, 163.0, 148.0, 151.0, 150.0, 143.0, 144.0, 136.0, 136.0, 141.0, 131.0, 135.0, 129.0, 119.0, 118.0, 115.0, 126.0, 120.0, 132.0, 115.0, 108.0, 106.0, 110.0, 106.0, 109.0, 110.0, 95.0, 111.0, 104.0, 105.0, 84.0, 91.0, 85.0, 84.0, 80.0, 84.0, 102.0, 84.0, 84.0, 74.0, 66.0, 74.0, 60.0, 59.0, 65.0, 89.0, 76.0, 66.0, 54.0, 49.0, 44.0, 43.0, 42.0, 45.0, 74.0, 71.0, 57.0, 45.0, 37.0, 35.0, 22.0, 32.0, 32.0, 75.0, 63.0, 49.0, 39.0, 31.0, 20.0, 15.0, 0.0, 8.0, 71.0, 69.0, 58.0, 49.0, 32.0, 28.0, 17.0, 17.0, 14.0, ]
[206.0, 192.0, 186.0, 189.0, 186.0, 182.0, 185.0, 184.0, 179.0, 190.0, 181.0, 180.0, 168.0, 176.0, 162.0, 159.0, 155.0, 159.0, 163.0, 167.0, 152.0, 154.0, 153.0, 145.0, 146.0, 138.0, 137.0, 146.0, 135.0, 139.0, 133.0, 123.0, 121.0, 117.0, 127.0, 121.0, 137.0, 120.0, 113.0, 111.0, 114.0, 109.0, 111.0, 111.0, 96.0, 117.0, 110.0, 110.0, 89.0, 95.0, 88.0, 86.0, 82.0, 84.0, 109.0, 91.0, 90.0, 80.0, 71.0, 78.0, 63.0, 61.0, 65.0, 96.0, 83.0, 73.0, 61.0, 56.0, 49.0, 47.0, 45.0, 45.0, 82.0, 79.0, 65.0, 53.0, 45.0, 42.0, 28.0, 35.0, 32.0, 83.0, 71.0, 57.0, 48.0, 39.0, 28.0, 23.0, 8.0, 0.0, 79.0, 77.0, 65.0, 56.0, 39.0, 33.0, 22.0, 17.0, 10.0, ]
[207.0, 196.0, 194.0, 201.0, 203.0, 203.0, 209.0, 213.0, 211.0, 190.0, 185.0, 187.0, 178.0, 191.0, 182.0, 184.0, 186.0, 193.0, 158.0, 167.0, 159.0, 164.0, 170.0, 166.0, 170.0, 166.0, 173.0, 139.0, 133.0, 142.0, 142.0, 136.0, 142.0, 144.0, 160.0, 159.0, 130.0, 116.0, 114.0, 116.0, 128.0, 131.0, 138.0, 146.0, 136.0, 102.0, 100.0, 110.0, 97.0, 111.0, 113.0, 117.0, 118.0, 129.0, 87.0, 78.0, 83.0, 85.0, 81.0, 99.0, 94.0, 100.0, 114.0, 65.0, 64.0, 60.0, 64.0, 63.0, 75.0, 83.0, 88.0, 100.0, 34.0, 49.0, 45.0, 43.0, 54.0, 64.0, 68.0, 82.0, 92.0, 17.0, 16.0, 30.0, 38.0, 41.0, 52.0, 60.0, 71.0, 79.0, 0.0, 7.0, 14.0, 26.0, 40.0, 50.0, 58.0, 70.0, 77.0, ]
[213.0, 202.0, 199.0, 206.0, 208.0, 208.0, 214.0, 217.0, 215.0, 196.0, 191.0, 192.0, 183.0, 196.0, 187.0, 189.0, 190.0, 197.0, 164.0, 173.0, 165.0, 169.0, 175.0, 171.0, 175.0, 171.0, 177.0, 145.0, 139.0, 147.0, 148.0, 141.0, 146.0, 148.0, 164.0, 162.0, 136.0, 122.0, 120.0, 122.0, 133.0, 136.0, 142.0, 149.0, 139.0, 108.0, 106.0, 116.0, 101.0, 115.0, 116.0, 120.0, 121.0, 131.0, 94.0, 83.0, 89.0, 89.0, 85.0, 103.0, 97.0, 102.0, 116.0, 72.0, 70.0, 65.0, 67.0, 66.0, 77.0, 85.0, 90.0, 100.0, 41.0, 55.0, 50.0, 46.0, 56.0, 66.0, 68.0, 83.0, 92.0, 24.0, 21.0, 32.0, 40.0, 40.0, 51.0, 59.0, 69.0, 77.0, 7.0, 0.0, 12.0, 22.0, 38.0, 46.0, 55.0, 66.0, 74.0, ]
[207.0, 195.0, 192.0, 198.0, 200.0, 199.0, 205.0, 207.0, 205.0, 190.0, 184.0, 185.0, 175.0, 188.0, 178.0, 179.0, 180.0, 187.0, 158.0, 166.0, 157.0, 161.0, 166.0, 161.0, 165.0, 161.0, 166.0, 139.0, 132.0, 140.0, 140.0, 133.0, 137.0, 138.0, 154.0, 152.0, 130.0, 115.0, 112.0, 113.0, 124.0, 126.0, 132.0, 139.0, 128.0, 102.0, 99.0, 108.0, 92.0, 106.0, 106.0, 110.0, 110.0, 120.0, 88.0, 76.0, 81.0, 80.0, 76.0, 92.0, 85.0, 91.0, 104.0, 67.0, 63.0, 57.0, 57.0, 56.0, 66.0, 74.0, 78.0, 88.0, 37.0, 49.0, 41.0, 35.0, 45.0, 54.0, 56.0, 71.0, 80.0, 25.0, 16.0, 22.0, 28.0, 28.0, 38.0, 47.0, 58.0, 65.0, 14.0, 12.0, 0.0, 13.0, 26.0, 36.0, 44.0, 56.0, 63.0, ]
[214.0, 202.0, 198.0, 204.0, 204.0, 203.0, 209.0, 210.0, 208.0, 197.0, 191.0, 191.0, 181.0, 193.0, 182.0, 183.0, 182.0, 189.0, 166.0, 173.0, 163.0, 167.0, 170.0, 165.0, 169.0, 163.0, 168.0, 147.0, 139.0, 146.0, 145.0, 137.0, 140.0, 141.0, 155.0, 153.0, 138.0, 122.0, 118.0, 119.0, 128.0, 129.0, 134.0, 140.0, 128.0, 111.0, 107.0, 114.0, 97.0, 110.0, 109.0, 111.0, 110.0, 119.0, 97.0, 84.0, 88.0, 85.0, 79.0, 95.0, 86.0, 90.0, 102.0, 77.0, 71.0, 64.0, 61.0, 59.0, 66.0, 72.0, 76.0, 85.0, 49.0, 58.0, 48.0, 39.0, 46.0, 54.0, 52.0, 67.0, 75.0, 38.0, 28.0, 28.0, 29.0, 24.0, 32.0, 40.0, 49.0, 56.0, 26.0, 22.0, 13.0, 0.0, 18.0, 24.0, 34.0, 44.0, 52.0, ]
[203.0, 191.0, 186.0, 192.0, 191.0, 189.0, 194.0, 195.0, 192.0, 187.0, 180.0, 180.0, 169.0, 180.0, 168.0, 168.0, 167.0, 173.0, 156.0, 163.0, 151.0, 155.0, 157.0, 151.0, 154.0, 148.0, 151.0, 138.0, 129.0, 135.0, 133.0, 124.0, 126.0, 125.0, 139.0, 136.0, 128.0, 112.0, 107.0, 107.0, 115.0, 114.0, 119.0, 124.0, 111.0, 103.0, 98.0, 103.0, 84.0, 96.0, 94.0, 95.0, 94.0, 102.0, 91.0, 75.0, 78.0, 73.0, 66.0, 80.0, 70.0, 73.0, 84.0, 73.0, 64.0, 55.0, 49.0, 45.0, 50.0, 55.0, 58.0, 67.0, 49.0, 53.0, 40.0, 29.0, 31.0, 38.0, 34.0, 49.0, 57.0, 46.0, 34.0, 24.0, 18.0, 8.0, 13.0, 22.0, 32.0, 39.0, 40.0, 38.0, 26.0, 18.0, 0.0, 15.0, 19.0, 32.0, 38.0, ]
[215.0, 203.0, 198.0, 203.0, 201.0, 199.0, 203.0, 204.0, 200.0, 199.0, 191.0, 191.0, 180.0, 191.0, 178.0, 177.0, 175.0, 180.0, 169.0, 175.0, 163.0, 166.0, 167.0, 161.0, 163.0, 157.0, 159.0, 151.0, 142.0, 147.0, 144.0, 135.0, 136.0, 134.0, 147.0, 143.0, 142.0, 125.0, 119.0, 119.0, 126.0, 124.0, 128.0, 132.0, 118.0, 117.0, 111.0, 116.0, 96.0, 107.0, 103.0, 103.0, 101.0, 107.0, 105.0, 89.0, 91.0, 85.0, 78.0, 90.0, 78.0, 80.0, 89.0, 87.0, 78.0, 68.0, 61.0, 57.0, 59.0, 63.0, 64.0, 70.0, 64.0, 68.0, 55.0, 43.0, 43.0, 47.0, 40.0, 54.0, 58.0, 59.0, 47.0, 38.0, 33.0, 22.0, 19.0, 25.0, 28.0, 33.0, 50.0, 46.0, 36.0, 24.0, 15.0, 0.0, 11.0, 20.0, 28.0, ]
[211.0, 198.0, 193.0, 197.0, 195.0, 192.0, 196.0, 196.0, 192.0, 194.0, 187.0, 186.0, 174.0, 184.0, 171.0, 170.0, 167.0, 172.0, 165.0, 171.0, 158.0, 160.0, 161.0, 154.0, 156.0, 149.0, 150.0, 148.0, 138.0, 143.0, 139.0, 129.0, 130.0, 127.0, 140.0, 135.0, 138.0, 121.0, 115.0, 114.0, 120.0, 117.0, 121.0, 124.0, 109.0, 115.0, 109.0, 112.0, 91.0, 101.0, 96.0, 96.0, 93.0, 98.0, 104.0, 87.0, 88.0, 81.0, 73.0, 84.0, 71.0, 72.0, 80.0, 88.0, 77.0, 67.0, 58.0, 54.0, 53.0, 55.0, 55.0, 60.0, 68.0, 69.0, 55.0, 42.0, 39.0, 42.0, 32.0, 46.0, 48.0, 65.0, 53.0, 42.0, 34.0, 23.0, 15.0, 18.0, 17.0, 22.0, 58.0, 55.0, 44.0, 34.0, 19.0, 11.0, 0.0, 13.0, 19.0, ]
[218.0, 205.0, 199.0, 203.0, 200.0, 197.0, 200.0, 200.0, 195.0, 202.0, 194.0, 193.0, 181.0, 190.0, 177.0, 174.0, 171.0, 175.0, 174.0, 179.0, 165.0, 167.0, 167.0, 160.0, 161.0, 153.0, 153.0, 157.0, 146.0, 151.0, 146.0, 136.0, 135.0, 132.0, 143.0, 137.0, 147.0, 130.0, 123.0, 122.0, 127.0, 123.0, 126.0, 127.0, 112.0, 125.0, 118.0, 120.0, 99.0, 108.0, 102.0, 101.0, 97.0, 100.0, 115.0, 97.0, 98.0, 89.0, 81.0, 91.0, 76.0, 76.0, 81.0, 99.0, 88.0, 78.0, 68.0, 63.0, 60.0, 60.0, 59.0, 62.0, 80.0, 81.0, 67.0, 54.0, 50.0, 50.0, 38.0, 49.0, 49.0, 77.0, 66.0, 54.0, 46.0, 35.0, 26.0, 27.0, 17.0, 17.0, 70.0, 66.0, 56.0, 44.0, 32.0, 20.0, 13.0, 0.0, 9.0, ]
[215.0, 202.0, 196.0, 199.0, 196.0, 192.0, 195.0, 194.0, 189.0, 199.0, 191.0, 189.0, 177.0, 186.0, 172.0, 169.0, 165.0, 169.0, 172.0, 176.0, 161.0, 163.0, 163.0, 155.0, 155.0, 148.0, 147.0, 155.0, 144.0, 148.0, 142.0, 132.0, 131.0, 126.0, 137.0, 131.0, 146.0, 128.0, 121.0, 119.0, 123.0, 118.0, 121.0, 121.0, 106.0, 124.0, 118.0, 118.0, 97.0, 105.0, 98.0, 96.0, 92.0, 94.0, 115.0, 98.0, 97.0, 88.0, 80.0, 87.0, 72.0, 71.0, 75.0, 101.0, 89.0, 79.0, 68.0, 63.0, 57.0, 56.0, 54.0, 55.0, 84.0, 83.0, 69.0, 57.0, 50.0, 49.0, 36.0, 45.0, 42.0, 83.0, 71.0, 59.0, 50.0, 40.0, 30.0, 27.0, 14.0, 10.0, 77.0, 74.0, 63.0, 52.0, 38.0, 28.0, 19.0, 9.0, 0.0, ]
];