
Nodes: 
	0 : 0.91503034 0.95654894
	1 : 0.93835956 0.89255645
	2 : 0.94002776 0.63885541
	3 : 0.08370163 0.29424594
	4 : 0.99948451 0.40390121
	5 : 0.52670874 0.56603531
	6 : 0.9217705 0.69563079
	7 : 0.9959686 0.19841246
	8 : 0.91396629 0.77049758
	9 : 0.25436579 0.9003566
	10 : 0.16545904 0.57891656
	11 : 0.66962282 0.56412531
	12 : 0.49582211 0.93521549
	13 : 0.33625079 0.75329108
	14 : 0.67247711 0.37351923
	15 : 0.70294489 0.02898089
	16 : 0.37833205 0.06589788
	17 : 0.24896029 0.30357661
	18 : 0.8654755 0.09477467
	19 : 0.4626746 0.57996932
	20 : 0.22675829 0.97572316
	21 : 0.94212117 0.31839285
	22 : 0.36496901 0.53244953
	23 : 0.37455919 0.16615504
	24 : 0.63037588 0.50655712
	25 : 0.86511149 0.08353898
	26 : 0.51070972 0.34410268
	27 : 0.09962009 0.78512248
	28 : 0.10159715 0.32240985
	29 : 0.04009208 0.39711912
	30 : 0.15887042 0.26655439
	31 : 0.29862073 0.08835631
	32 : 0.10826518 0.91733861
	33 : 0.89567706 0.84977394
	34 : 0.85040541 0.98917517
	35 : 0.32286593 0.77973506
	36 : 0.81166163 0.66388663
	37 : 0.48945002 0.38139469
	38 : 0.61405224 0.56141048
	39 : 0.73255892 0.13330048
	40 : 0.18186479 0.49650746
	41 : 0.05221032 0.29180346
	42 : 0.53088781 0.72830245
	43 : 0.54953472 0.51416569
	44 : 0.79221912 0.91061952
	45 : 0.64378361 0.9815622
	46 : 0.31883948 0.69673053
	47 : 0.75488592 0.87074704
	48 : 0.6730427 0.05119521
	49 : 0.74886571 0.88905248
	50 : 0.3169046 0.09795359
	51 : 0.52142659 0.20912747
	52 : 0.22593667 0.52075287
	53 : 0.95850442 0.44151423
	54 : 0.68376052 0.13553502
	55 : 0.35906993 0.67324712
	56 : 0.51900047 0.9691217
	57 : 0.41406998 0.52139927
	58 : 0.14316773 0.95108064
	59 : 0.4538006 0.65994006
	60 : 0.54851524 0.57418524
	61 : 0.99275328 0.08019598
	62 : 0.08750785 0.26707527
	63 : 0.45975609 0.04206457
	64 : 0.37149466 0.29792757
	65 : 0.42747337 0.88050217
	66 : 0.88241691 0.92221158
	67 : 0.63922982 0.24949753
	68 : 0.06974307 0.53894647
	69 : 0.87524508 0.36648213
	70 : 0.95627138 0.30263674
	71 : 0.28085129 0.86258881
	72 : 0.35248467 0.99788551
	73 : 0.9349918 0.78883367
	74 : 0.25051526 0.61230336
	75 : 0.3586714 0.86603119
	76 : 0.28435936 0.80970885
	77 : 0.68593064 0.8423992
	78 : 0.98116403 0.35407927
	79 : 0.24344927 0.30998408
	80 : 0.92014912 0.56726201
	81 : 0.23173827 0.5486312
	82 : 0.80281501 0.1350844
	83 : 0.13067983 0.79738687
	84 : 0.99287909 0.64291368
	85 : 0.79963573 0.51098739
	86 : 0.95682877 0.85409291
	87 : 0.94900727 0.03812423
	88 : 0.42933639 0.12003779
	89 : 0.65661845 0.9716262
	90 : 0.36516703 0.07209196
	91 : 0.85770972 0.40498644
	92 : 0.75393875 0.70797204
	93 : 0.12747556 0.59267734
	94 : 0.77963774 0.67063779
	95 : 0.87697928 0.21660846
	96 : 0.86393331 0.41309089
	97 : 0.48626786 0.11129797
	98 : 0.7488367 0.10951949
	99 : 0.79877911 0.95237263
	100 : 0.23491366 0.45183186
	101 : 0.87130602 0.86466555
	102 : 0.22591535 0.42269258
	103 : 0.54977291 0.85080089
	104 : 0.26061175 0.17487131
	105 : 0.05541638 0.86010348
	106 : 0.30602836 0.72622075
	107 : 0.64699108 0.86969569
	108 : 0.71719311 0.03014137
	109 : 0.83631728 0.68951837
	110 : 0.46456284 0.63080924
	111 : 0.06058093 0.94495056
	112 : 0.28915345 0.38217846
	113 : 0.332074 0.9639978
	114 : 0.4977605 0.77442904
	115 : 0.40856471 0.76538715
	116 : 0.77264702 0.59493981
	117 : 0.11496366 0.24015569
	118 : 0.37129541 0.47366606
	119 : 0.22158914 0.83191343
	120 : 0.39318155 0.67619398
	121 : 0.5718127 0.78993055
	122 : 0.25095616 0.74173868
	123 : 0.61695939 0.53573939
	124 : 0.03549029 0.16273327
	125 : 0.00881632 0.84478124
	126 : 0.15112467 0.49074248
	127 : 0.73104575 0.49062834
	128 : 0.40801875 0.21179187
	129 : 0.1215617 0.80019826

Time taken: 0.22345232963562012s
