                    Hybrid Mean   Hybrid Std Classic Mean  Classic Std P-val for paired t-test
Resolved Instances        95.6%     0.000000        95.6%     0.000000                       -
Closed NN                  0.0%     0.000000         0.0%     0.000000                       -
Closed NN Hybrid         48.12%     0.000000         0.0%     0.000000                       -
Closed 1Tree               0.0%     0.000000         0.0%     0.000000                       -
Closed Subgradient       51.88%     0.000000       100.0%     0.000000                       -
total_time              47.9634    90.322249      53.5843    96.615848             0.000113265
time_bb                 45.4846    90.097180      53.3546    96.373117             1.08881e-07
time_to_best            19.7383    51.708804      34.5578    66.198354             1.48718e-17
generate_bbnodes        3766.81  7376.384195      4597.38  8159.021981             2.41473e-10
explored_bbnodes        3177.89  6407.406635      3434.96  6345.354750               0.0052022
bbnodes_before_best      1624.9  4440.253425      2423.39  4773.106283             2.41715e-09
total_tree_level        15.6098     6.892288      16.4634     6.371002             2.12046e-18
best_level              6.47385     6.768462      11.0628     4.120598             2.35113e-97
prob_best              0.991498     0.011144            0     0.000000                       0
best_value              7.75753     0.225327      7.75653     0.225032             2.55716e-05

Not resolved 44 instances for hybrid: [7, 9, 10, 27, 46, 58, 70, 74, 80, 89, 98, 196, 236, 268, 333, 337, 400, 431, 443, 456, 496, 501, 565, 618, 620, 622, 624, 628, 632, 679, 690, 715, 764, 782, 784, 810, 814, 819, 843, 854, 939, 954, 969, 974]

Not resolved 44 instances for classic: [7, 10, 27, 46, 58, 70, 74, 80, 86, 89, 98, 196, 236, 268, 333, 393, 400, 431, 443, 456, 496, 501, 549, 605, 618, 620, 622, 624, 628, 632, 690, 715, 764, 782, 784, 810, 819, 843, 854, 935, 939, 954, 969, 974]